908
69
828
527
268
137
286
783
118
975
371
870
117
838
56
58
633
556
105
61
159
372
162
752
637
427
401
828
416
272
557
761
371
470
583
781
593
743
204
684
801
2
800
967
546
638
353
191
924
801
564
425
643
709
805
861
48
772
306
914
271
413
576
885
417
676
222
285
198
936
324
341
349
937
928
645
302
786
269
72
882
956
622
36
146
543
940
935
82
442
982
11
479
962
65
878
514
964
267
688
942
240
289
341
210
854
380
91
958
708
933
936
786
763
194
60
265
125
576
330
764
996
928
645
197
897
982
953
47
338
310
23
581
145
563
838
945
64
803
156
767
723
333
280
822
495
130
329
491
68
194
357
146
452
739
657
548
534
478
889
197
190
2
764
253
919
579
306
225
961
603
526
247
9
796
87
268
674
205
216
910
674
27
909
390
962
807
705
857
790
641
680
393
724
876
149
454
431
695
842
779
897
430
415
248
612
70
620
729
49
143
773
678
186
276
279
453
679
141
95
692
992
56
53
874
512
906
682
745
731
599
663
460
948
88
689
724
604
503
419
508
136
465
589
203
237
14
365
325
736
74
462
509
892
696
303
672
610
397
296
830
840
107
244
203
383
423
87
499
106
46
230
783
400
572
272
948
843
173
863
621
316
367
749
560
739
594
856
355
856
873
274
538
758
148
704
311
25
195
498
66
150
604
7
261
317
32
861
244
809
402
572
884
964
138
260
944
396
998
779
298
70
18
810
867
110
869
309
963
688
378
481
8
460
134
791
886
952
630
252
251
572
345
268
844
206
803
227
759
725
232
265
983
303
260
261
389
549
362
494
201
154
328
369
172
599
867
850
40
951
349
638
561
944
877
644
506
890
405
173
164
847
171
866
265
70
411
901
631
180
5
619
681
374
907
799
995
984
443
752
171
21
199
284
195
974
767
238
524
206
740
498
436
630
829
110
367
18
331
495
999
957
275
988
7
172
166
401
96
908
580
809
93
859
701
623
728
952
575
793
792
905
403
189
804
386
626
621
508
682
852
614
490
315
60
207
165
101
682
826
491
799
191
473
574
226
159
781
265
195
846
531
459
23
182
546
254
827
711
604
638
454
92
748
86
793
110
964
725
224
634
926
563
630
203
152
780
345
782
942
661
84
541
886
973
699
59
790
168
905
9
769
993
829
614
170
895
206
595
548
244
991
37
843
745
846
907
624
5
594
124
163
646
145
899
564
425
896
90
603
296
822
298
598
352
234
268
18
224
874
195
321
661
198
254
683
154
725
204
30
179
790
524
818
657
76
877
252
915
258
156
312
98
913
636
972
196
766
872
663
6
231
138
148
501
509
817
422
855
149
534
343
333
362
479
377
642
215
399
84
791
238
186
4
395
161
264
275
863
258
178
292
802
579
667
363
23
592
126
233
88
550
952
230
461
38
148
9
876
575
419
779
200
383
143
672
739
266
989
10
572
868
346
109
736
366
21
782
441
55
28
46
765
609
536
638
465
588
883
204
68
157
835
69
751
419
341
687
379
579
965
658
189
84
164
902
472
602
100
404
927
948
829
493
982
232
960
214
78
973
801
373
647
297
715
472
121
792
864
945
647
795
46
489
315
996
546
926
792
445
294
257
285
5
589
136
577
130
971
398
221
234
951
820
854
239
447
736
244
354
813
226
150
40
887
840
690
379
327
434
136
237
326
623
652
91
418
876
544
161
792
81
71
216
997
271
260
24
738
644
988
7
260
212
317
485
661
490
485
242
847
550
55
901
204
462
106
72
948
75
739
137
518
35
644
766
156
13
33
50
704
500
584
514
778
266
72
144
26
788
44
131
952
668
638
847
660
611
122
630
50
583
98
818
775
601
358
945
235
467
910
612
83
54
688
768
808
886
786
977
748
354
534
446
981
860
8
743
658
973
543
952
576
30
49
20
423
182
411
990
324
976
470
33
839
663
452
135
223
542
282
277
402
865
797
864
965
961
583
515
813
826
628
583
756
523
132
130
305
939
621
684
592
873
392
786
723
495
544
966
796
446
621
700
709
360
432
854
438
570
308
190
768
926
727
57
307
125
57
154
290
935
284
665
647
656
3
420
988
553
224
886
642
522
499
190
776
35
19
216
949
565
738
863
239
502
655
911
993
386
666
760
865
961
952
681
402
211
783
435
272
477
661
84
749
291
522
228
380
113
368
370
668
135
166
339
780
834
242
778
932
307
394
551
344
729
68
929
581
785
451
805
888
669
911
16
905
465
681
939
849
963
494
740
307
282
674
743
826
70
945
677
641
189
783
949
761
666
987
477
646
285
554
29
843
766
503
388
457
329
873
826
216
606
259
171
903
349
684
747
411
330
473
829
120
732
297
106
646
348
654
46
471
265
597
97
967
233
129
173
817
571
488
39
273
747
613
153
428
664
379
333
329
659
864
30
344
611
478
2
461
972
486
256
606
581
186
406
317
744
136
432
438
783
289
712
997
352
544
25
506
267
634
221
580
221
576
137
562
738
631
424
911
533
444
454
345
245
98
852
827
741
746
528
927
402
739
366
176
604
486
278
26
806
312
732
238
488
627
904
995
774
754
697
738
42
268
176
571
442
104
473
617
222
412
608
242
820
912
127
160
680
303
91
451
150
835
813
358
555
966
432
624
138
791
502
308
190
197
721
944
445
440
331
667
303
576
173
730
150
631
273
43
566
29
259
477
216
223
828
850
822
396
185
297
254
963
596
794
806
13
958
170
526
546
76
729
17
937
3
309
328
815
398
226
829
799
183
955
527
9
112
39
31
922
780
844
328
165
743
224
756
299
466
308
905
866
122
502
983
246
712
261
2
927
466
395
39
980
235
963
735
843
346
994
217
168
336
360
433
169
533
207
444
988
727
908
519
46
63
680
349
512
949
911
689
251
277
441
993
614
67
347
657
988
728
484
180
257
800
767
720
484
839
950
713
126
114
768
374
559
412
515
130
776
552
489
743
589
31
200
725
169
301
273
377
279
760
348
721
895
140
666
133
849
797
560
625
734
408
978
728
729
618
647
161
51
364
4
975
560
976
487
843
710
77
579
564
807
981
239
376
2
608
589
72
815
109
314
110
607
983
226
348
812
676
649
368
327
322
91
30
974
414
863
93
580
187
640
908
771
586
911
804
542
703
938
320
524
263
469
864
157
490
173
416
832
779
475
835
900
380
192
195
407
397
794
546
820
964
303
137
273
592
385
873
107
388
969
811
42
707
952
293
314
142
39
138
141
828
772
551
342
759
0
497
944
552
743
664
671
387
273
11
121
749
909
258
809
791
489
611
657
782
811
703
162
625
888
394
696
372
700
299
388
859
76
193
522
194
168
497
430
1
19
588
688
950
145
660
990
109
687
639
775
898
669
908
930
43
767
848
343
513
790
818
696
268
571
170
418
696
174
234
426
262
949
394
60
198
913
341
945
703
972
524
943
875
313
488
668
880
214
288
127
336
283
863
644
523
151
196
163
969
904
669
545
727
883
576
24
276
556
581
204
494
777
12
404
354
567
949
871
409
964
858
975
724
537
885
30
352
110
306
230
671
199
340
646
766
130
67
616
170
397
156
454
987
553
174
821
660
849
168
247
174
623
796
623
987
66
78
634
953
346
210
328
742
466
404
404
433
921
297
247
594
99
806
626
261
638
636
773
876
245
720
992
224
771
807
861
304
588
867
644
813
190
25
1
581
339
490
467
379
211
16
591
784
979
287
717
736
788
889
45
746
770
101
505
915
116
236
939
568
147
331
922
440
17
363
720
555
724
730
670
69
311
870
16
358
807
90
248
9
74
223
804
245
517
888
507
688
519
273
788
325
585
774
818
313
574
676
746
573
69
196
700
735
540
388
643
708
840
884
847
548
489
633
675
194
649
337
916
912
406
437
896
904
975
681
692
333
758
303
683
890
61
898
205
777
872
875
692
390
272
657
454
388
597
921
259
772
386
976
824
89
789
374
36
474
953
298
841
780
72
380
159
555
727
127
64
222
359
508
577
155
689
565
458
826
183
275
368
838
68
237
663
730
518
669
257
860
694
755
507
646
546
122
299
229
285
108
983
675
639
375
479
351
586
305
10
570
993
277
93
214
540
696
274
110
784
788
196
478
812
243
915
801
474
330
608
247
325
689
536
360
983
709
392
213
251
753
979
472
30
576
801
488
200
122
212
552
146
823
470
711
570
578
117
378
640
369
822
546
862
869
795
788
555
128
786
848
350
616
146
123
61
956
252
803
220
587
530
450
342
547
295
503
881
678
422
839
336
922
678
806
834
83
79
729
678
182
614
460
124
57
12
108
454
231
946
996
388
779
477
83
382
347
412
476
604
241
97
477
476
531
262
845
745
535
305
468
421
262
481
803
420
976
88
325
501
198
665
326
22
874
942
768
897
27
236
41
633
680
275
230
161
211
377
450
658
937
895
270
233
800
8
559
698
313
792
516
249
373
708
526
400
824
202
979
36
581
841
136
759
60
743
262
126
618
655
171
607
367
427
89
70
418
282
43
430
701
678
835
633
671
964
168
465
181
891
83
259
888
368
761
657
610
181
774
140
530
14
132
270
691
343
369
875
5
614
128
362
232
593
259
400
9
567
182
478
125
912
561
525
755
330
911
912
458
877
276
958
11
886
984
83
13
797
362
66
219
327
947
82
248
264
623
613
600
789
242
720
468
766
288
326
484
800
503
236
272
946
363
225
225
386
616
276
969
985
276
960
732
7
331
230
465
647
439
707
919
692
204
936
997
200
549
313
348
19
217
700
370
669
631
260
57
294
36
942
772
333
151
629
872
214
610
118
78
563
845
130
334
400
330
929
408
142
914
706
732
594
253
790
307
317
91
634
412
491
698
638
349
23
670
709
655
341
671
367
950
152
884
515
193
678
104
765
205
511
238
136
885
345
964
150
150
863
188
891
933
159
304
895
484
240
704
169
190
962
867
236
265
136
886
211
212
155
556
834
785
180
209
20
172
0
950
164
949
647
188
262
550
680
697
116
118
49
188
109
210
959
730
460
491
912
445
377
737
73
888
358
877
503
707
133
940
278
566
789
132
809
525
682
347
249
920
290
325
114
27
42
97
538
328
763
896
965
632
633
918
663
418
988
389
468
244
344
814
710
853
20
618
309
57
537
681
841
972
66
777
664
41
336
388
851
691
545
923
454
593
676
999
433
270
139
224
823
482
993
739
561
222
511
790
671
430
997
3
544
690
995
282
394
265
695
461
395
7
173
668
932
815
662
580
792
188
273
94
427
534
115
559
751
739
82
882
990
749
777
789
653
531
584
421
279
545
280
654
518
672
714
719
952
843
968
842
644
179
161
896
778
478
22
448
271
121
379
330
636
580
702
859
711
273
990
946
660
54
208
386
720
71
610
771
930
386
651
609
883
171
247
796
654
583
190
187
492
280
695
571
884
421
344
60
167
283
516
951
922
240
497
97
422
714
422
536
342
566
742
506
692
143
582
84
36
857
224
219
756
655
158
869
571
50
12
687
714
935
166
563
514
685
973
629
970
626
330
385
723
45
211
61
89
155
127
378
934
465
958
344
890
662
303
614
702
629
50
678
325
613
414
317
325
737
599
257
280
704
733
884
120
81
987
769
821
739
782
553
829
137
140
71
715
388
968
651
162
198
656
563
920
419
932
396
657
662
233
655
713
869
115
706
716
660
472
699
507
365
739
309
106
515
631
542
709
784
80
836
116
97
599
871
239
73
67
194
652
572
807
127
655
705
930
458
695
447
653
918
161
599
479
430
236
388
368
72
844
235
29
872
639
837
352
54
409
473
240
375
440
995
383
324
212
457
295
626
726
587
3
100
756
40
843
450
961
201
143
952
216
881
99
780
92
146
717
236
396
485
869
299
166
97
372
566
664
32
176
126
727
22
771
737
377
619
639
323
595
675
262
388
439
490
387
983
554
863
694
966
754
676
546
745
492
37
262
160
13
920
831
649
225
330
99
866
76
569
205
208
82
315
81
375
663
766
614
315
833
474
15
569
131
329
270
696
241
891
397
32
669
96
791
355
941
141
295
400
530
808
121
641
206
370
749
159
814
652
129
768
467
205
808
309
793
597
384
126
537
170
138
500
843
673
615
652
38
9
405
96
432
184
420
17
451
868
447
776
395
249
254
771
210
839
787
551
767
837
835
463
763
380
342
857
855
985
138
939
578
772
271
769
629
328
832
867
348
589
927
879
890
32
319
560
250
760
755
903
964
102
677
340
337
504
900
429
114
83
9
567
535
801
238
786
405
864
804
29
380
815
114
851
492
383
80
457
647
60
962
207
24
274
107
60
291
266
908
421
855
410
321
336
351
480
341
919
654
96
315
468
246
845
980
502
667
1
461
498
557
406
863
623
611
928
443
407
430
913
290
921
855
792
384
26
628
9
269
139
495
102
92
977
447
464
824
26
376
464
478
410
978
895
320
444
590
251
335
897
721
101
592
329
631
852
13
330
455
157
719
896
755
988
616
257
437
465
466
194
191
880
275
220
222
530
31
81
693
854
677
768
672
684
281
716
685
771
606
804
975
963
698
351
498
689
40
347
402
552
16
788
737
284
888
98
687
391
757
832
686
469
836
719
240
633
484
637
385
747
325
381
603
456
336
267
852
870
886
746
775
32
503
300
380
609
659
348
514
130
805
176
191
552
567
119
212
871
846
557
873
137
119
58
34
468
993
833
815
912
400
64
507
422
621
778
873
533
13
750
74
86
474
420
731
543
725
395
231
861
603
435
525
499
320
288
836
705
774
912
815
25
871
652
11
496
37
237
295
844
445
933
927
825
819
934
295
760
436
563
207
299
695
406
983
265
923
745
543
153
571
459
727
593
19
213
203
251
125
414
956
189
709
605
130
893
674
533
110
979
243
158
274
18
791
20
639
681
787
628
871
977
572
425
621
512
78
177
260
650
380
761
544
622
79
264
519
468
506
904
90
312
735
398
423
531
419
477
131
897
691
808
648
948
746
663
83
520
680
972
608
970
924
70
0
137
945
832
589
11
374
17
960
110
175
207
991
519
376
312
104
194
261
955
170
634
983
150
586
64
788
743
63
820
1
730
900
334
926
211
434
186
954
231
462
945
485
878
769
496
814
466
756
883
60
313
424
399
884
842
509
94
904
524
844
883
529
357
813
112
596
838
913
108
489
58
425
66
719
660
61
555
794
705
685
338
833
298
494
568
276
468
793
891
82
224
210
798
600
422
593
565
817
573
849
488
397
816
969
607
781
241
964
759
177
360
695
199
912
18
117
38
376
789
581
516
165
254
542
270
508
320
429
48
570
977
844
193
284
780
801
280
229
614
532
102
604
673
792
629
666
258
885
176
791
388
356
267
378
608
88
65
159
798
181
803
116
392
790
851
346
146
35
668
126
528
792
264
959
365
915
674
807
183
81
526
373
986
391
184
530
210
488
353
480
266
516
895
628
278
720
25
723
194
163
642
186
170
557
347
391
47
540
2
917
346
369
866
693
699
273
112
649
584
723
597
990
367
14
547
998
705
330
699
283
199
211
444
132
619
784
29
5
828
87
301
27
500
776
476
893
870
182
22
733
677
41
329
532
773
26
556
221
732
154
400
545
573
615
18
315
780
948
752
828
126
736
954
995
787
378
652
516
532
396
417
829
550
821
709
147
311
591
441
681
552
533
659
838
867
596
743
944
971
96
635
258
593
774
725
525
472
602
454
925
369
686
9
52
562
433
103
395
613
357
503
191
274
269
130
676
248
172
313
210
77
718
740
313
349
824
429
538
510
916
801
721
716
953
937
962
228
559
44
142
149
883
183
911
693
383
161
556
571
204
815
687
859
279
927
431
383
104
483
562
362
862
434
79
876
757
375
43
73
327
750
515
450
233
951
127
830
306
639
884
438
85
116
204
217
158
861
311
642
422
564
198
221
399
51
289
549
559
663
347
470
573
911
47
294
151
913
325
707
718
253
548
765
144
949
600
903
541
822
579
814
905
989
630
733
140
499
34
881
870
587
27
881
160
743
603
688
459
119
215
93
977
534
742
409
40
650
594
65
981
714
448
943
829
957
59
587
801
218
864
149
36
686
987
534
809
327
574
401
811
972
71
38
93
997
882
558
243
811
159
971
67
843
339
338
15
950
222
743
562
285
821
653
561
48
545
703
612
690
570
153
65
369
417
220
643
640
116
245
12
693
518
177
313
143
463
59
717
990
629
413
571
851
891
479
836
916
976
231
817
772
326
588
392
75
95
448
581
920
646
128
696
251
925
101
894
518
782
557
280
58
6
153
622
180
503
584
997
613
180
632
546
975
734
30
608
268
480
100
836
682
942
224
978
742
498
381
971
162
573
68
290
357
563
705
455
537
820
331
572
933
189
371
191
309
777
629
222
670
937
573
41
916
505
450
698
967
325
512
100
343
218
986
174
571
53
851
224
392
949
786
760
75
722
704
408
309
595
593
429
80
252
645
610
784
602
936
302
565
277
724
598
538
560
415
501
130
397
833
603
465
329
498
956
616
799
711
116
104
978
931
971
27
7
682
385
317
57
296
773
385
48
825
505
981
5
871
391
204
98
957
777
92
499
703
332
522
438
360
280
51
112
706
109
118
835
266
30
18
746
156
571
592
121
958
440
790
841
468
133
713
808
644
669
836
563
481
479
334
561
464
730
566
69
574
878
127
665
126
276
922
18
391
767
520
374
538
236
147
266
196
278
825
460
552
499
73
334
495
276
137
118
740
45
717
410
859
384
279
846
814
787
751
555
257
304
272
498
662
227
507
821
347
688
368
381
371
138
827
43
768
591
385
798
52
682
882
447
235
328
922
402
269
414
414
385
469
146
548
428
210
923
553
399
853
460
819
266
75
271
499
152
439
192
693
943
271
463
431
167
956
684
279
265
791
833
669
939
765
637
840
987
455
235
721
263
18
573
250
479
954
833
392
538
831
524
99
513
14
989
425
735
145
964
245
869
836
716
200
346
917
10
147
787
629
579
182
872
100
622
183
872
371
466
189
128
985
448
665
935
510
429
410
374
103
68
560
906
822
159
327
508
126
685
161
88
175
159
931
170
153
165
772
482
3
600
77
919
534
710
335
143
270
956
557
453
588
526
122
88
106
24
354
727
82
965
429
582
374
155
208
172
465
32
930
541
540
150
445
850
562
65
134
603
273
787
525
270
582
517
404
976
823
598
595
542
112
47
584
441
432
766
423
411
364
72
719
870
112
963
445
235
664
891
735
985
740
574
949
42
982
802
773
217
830
863
578
808
858
98
878
567
826
21
254
104
114
260
762
195
166
727
972
567
251
861
517
648
108
444
847
825
685
118
582
347
503
369
597
434
884
762
198
840
590
738
652
806
872
945
926
214
30
246
381
578
692
634
916
487
794
233
3
449
615
822
20
81
313
939
169
494
966
937
782
532
303
397
857
659
974
930
900
835
395
785
178
297
65
327
661
421
72
936
939
378
77
505
158
300
361
48
696
835
20
636
994
849
47
888
696
884
945
736
233
382
484
938
737
690
755
129
239
861
367
81
671
822
624
643
813
627
188
696
70
605
949
770
843
772
452
922
381
868
869
463
354
743
931
274
198
317
989
842
988
873
41
876
823
80
797
527
203
278
725
973
555
993
549
377
870
372
934
843
216
327
608
341
782
799
932
354
164
430
104
442
831
396
950
925
900
338
731
288
192
647
884
432
187
38
140
655
658
294
437
119
579
6
687
936
876
469
553
572
504
87
691
511
547
12
312
993
352
326
719
621
81
299
585
593
286
358
191
898
187
927
41
256
844
313
24
608
48
871
891
16
288
811
196
855
497
762
563
349
321
736
629
897
989
699
329
467
933
992
58
259
515
848
626
87
948
909
168
884
349
91
19
605
233
229
785
431
539
347
16
305
742
601
598
609
772
606
205
359
950
898
436
745
737
8
102
46
510
78
152
359
431
448
655
735
578
86
664
203
525
950
54
946
928
702
582
928
258
484
85
953
673
905
516
298
51
575
155
146
672
510
696
139
957
572
511
396
26
421
846
573
411
926
983
937
764
433
833
663
636
404
4
653
95
86
935
849
677
204
201
285
99
471
946
507
803
42
874
479
220
439
247
507
721
623
917
36
159
822
392
826
858
437
620
234
860
974
933
813
533
28
157
322
831
100
535
439
606
311
340
223
215
299
186
640
129
131
989
18
396
812
736
811
754
531
630
562
61
226
3
999
809
276
230
9
408
354
260
618
497
729
16
295
89
765
363
553
95
298
240
498
480
172
822
369
349
838
624
846
344
460
196
753
432
594
169
753
757
692
652
855
562
305
334
169
827
224
879
199
914
882
846
574
964
958
592
257
10
703
62
514
802
940
877
452
26
748
889
134
221
307
149
463
442
297
13
747
552
502
932
949
108
108
211
51
904
20
610
530
89
749
532
570
363
549
970
348
359
630
617
98
879
603
356
174
33
508
838
720
432
90
96
652
713
427
600
981
918
954
958
839
760
455
656
739
641
263
107
255
979
604
467
104
120
771
139
374
158
822
861
956
877
784
534
683
618
169
478
594
693
326
922
734
124
201
955
478
894
649
124
556
514
461
853
709
363
382
385
981
167
997
205
185
789
870
293
451
833
315
586
578
768
923
32
602
527
847
344
497
202
837
569
752
19
124
333
923
419
150
627
894
860
304
108
159
523
137
953
897
376
390
713
816
764
360
758
941
725
804
265
150
405
110
399
97
166
537
709
157
864
808
827
172
3
367
563
137
947
530
446
659
816
785
212
834
759
357
40
944
847
723
42
88
678
465
570
338
72
646
100
51
826
801
578
83
743
65
712
240
597
29
835
732
482
764
361
758
786
971
734
739
380
420
386
225
925
838
725
778
626
177
904
63
334
875
512
690
618
947
948
23
823
198
97
502
979
63
649
793
483
360
129
324
411
515
118
765
135
18
942
972
514
366
831
702
69
40
725
683
95
500
930
699
700
917
722
378
159
915
789
571
987
368
459
488
232
34
959
347
985
961
471
594
683
690
256
644
675
846
775
629
32
83
609
0
360
418
291
657
150
639
625
888
822
655
923
832
169
118
446
283
685
442
515
273
377
480
107
617
493
86
317
207
951
867
920
230
289
484
684
484
541
510
243
307
405
542
577
76
800
5
529
642
67
457
902
374
672
345
689
644
640
208
823
216
387
557
465
808
819
905
668
503
190
374
693
679
62
790
469
535
977
84
247
395
58
793
378
352
49
44
57
553
169
325
572
742
357
599
730
941
178
959
226
474
588
215
954
658
794
45
56
500
553
926
782
353
432
778
196
571
990
566
128
790
826
286
62
702
986
334
865
764
170
897
294
300
249
668
545
973
515
153
186
744
540
354
7
273
711
681
321
939
5
899
929
388
770
325
634
877
378
869
892
581
675
876
365
826
244
919
257
799
506
328
821
774
177
355
765
345
516
774
257
577
102
894
926
470
624
507
645
446
712
485
578
55
365
638
867
953
549
933
485
521
372
939
245
219
477
769
629
933
676
306
683
630
663
770
709
671
415
193
226
566
43
278
397
798
937
918
782
740
544
767
396
666
652
570
292
12
606
255
43
379
874
492
468
798
903
163
895
183
912
181
330
526
33
822
748
668
334
259
317
427
99
56
202
808
404
766
206
913
976
261
394
574
850
403
554
911
669
886
265
589
492
376
629
62
931
786
289
467
782
460
625
926
308
212
836
356
436
354
691
576
39
339
822
528
501
303
441
620
111
737
725
890
528
100
954
310
915
726
990
829
304
495
679
751
896
320
652
390
968
975
948
807
715
203
504
387
748
707
175
371
937
875
283
204
65
167
874
990
845
120
328
585
602
840
608
434
847
740
465
647
563
99
712
694
490
417
601
626
603
430
103
498
742
276
324
712
545
495
527
644
318
275
194
523
703
775
917
334
547
258
682
872
501
885
352
873
425
843
648
976
505
626
779
471
820
443
361
531
786
164
20
240
316
370
879
600
90
853
853
854
655
486
824
258
670
458
461
980
79
586
908
886
601
31
834
318
199
227
314
706
922
835
562
624
435
826
159
536
509
346
50
429
879
385
338
211
563
84
40
788
81
585
38
461
662
188
820
349
73
498
955
572
456
939
284
822
652
770
893
669
513
569
336
570
813
738
56
450
89
70
965
13
895
761
38
151
951
590
838
960
841
532
315
515
847
652
765
65
137
64
227
728
322
327
229
679
853
569
944
502
774
906
83
504
118
718
476
771
737
881
747
620
457
828
858
357
286
420
427
78
258
505
724
717
46
761
533
380
888
470
902
335
531
126
544
487
625
59
78
156
886
156
194
733
495
673
92
953
557
138
674
638
938
927
168
862
889
136
923
209
507
773
732
767
207
129
761
970
894
864
541
566
278
702
126
755
753
850
595
820
550
774
942
776
608
293
173
642
252
572
945
965
752
411
127
602
441
420
537
789
313
592
431
258
256
679
459
632
984
489
221
613
571
612
33
675
977
499
656
93
367
531
504
388
119
246
954
397
997
198
170
455
381
599
202
409
284
910
29
270
152
332
453
273
192
484
582
697
45
1
800
320
400
157
557
623
261
415
147
354
836
75
273
332
454
897
773
31
454
781
677
663
19
596
559
997
362
707
379
343
313
58
462
676
527
347
252
541
648
93
639
893
378
788
942
371
118
921
121
772
824
49
957
786
599
362
249
890
415
424
893
147
888
729
116
768
843
14
251
604
131
570
988
810
66
414
134
716
845
842
800
524
997
429
947
832
762
416
301
271
162
977
236
313
665
464
201
59
332
200
171
639
660
42
805
702
212
94
533
799
561
949
62
589
808
210
129
195
333
970
726
972
908
920
924
923
87
558
407
442
258
527
999
647
802
24
617
808
103
332
650
798
173
984
472
621
415
245
692
445
360
754
11
716
654
951
764
527
851
780
268
595
668
150
682
509
972
88
910
819
387
369
287
894
442
17
920
221
310
849
837
374
181
781
181
337
246
849
815
808
821
605
886
273
629
981
61
790
225
735
776
724
183
898
556
341
483
357
957
801
372
361
922
935
747
795
351
686
122
734
67
851
477
670
904
832
894
522
595
127
137
96
407
376
881
463
948
234
834
17
797
650
720
473
450
53
454
608
584
128
692
936
311
937
330
557
658
704
137
772
50
209
39
858
850
825
628
502
918
179
462
738
511
982
544
293
173
857
572
845
71
23
465
658
776
582
199
259
308
377
965
891
381
331
899
218
109
316
989
759
132
98
613
438
211
684
47
849
766
532
94
391
709
832
845
364
816
98
262
663
687
949
485
622
915
559
982
450
180
410
809
266
774
191
156
156
610
139
194
87
154
745
584
166
984
419
328
538
467
22
839
134
816
433
297
120
620
880
57
758
20
664
968
824
693
201
291
638
462
63
725
68
273
118
508
718
863
504
227
465
402
873
188
672
302
2
147
270
896
170
876
397
201
449
393
572
911
308
749
74
96
879
486
703
359
433
171
471
47
962
93
346
670
140
468
887
277
619
582
934
474
659
274
725
389
493
237
339
442
555
207
922
667
762
416
611
263
371
341
461
342
65
217
865
906
213
170
571
653
651
309
829
153
956
577
141
9
672
519
111
873
454
391
859
524
856
435
287
59
795
905
483
105
864
69
265
937
238
673
177
144
327
457
271
947
379
227
115
399
787
414
304
255
841
206
490
305
429
176
710
565
740
293
283
429
123
736
7
163
415
837
97
343
554
809
26
844
164
348
402
195
67
233
471
903
100
773
712
731
110
702
409
673
585
416
985
139
236
314
892
544
982
631
171
36
158
575
314
617
788
374
648
542
881
361
796
510
150
42
576
659
50
788
130
805
25
760
897
921
607
262
370
189
895
971
673
503
410
498
744
820
844
688
241
771
854
179
501
532
205
198
776
670
335
260
551
891
198
189
190
683
873
649
368
590
915
53
644
29
94
800
718
150
80
91
647
116
328
193
222
798
499
996
753
571
503
698
66
271
65
426
833
996
461
94
858
977
872
781
764
406
764
567
300
136
716
813
793
578
938
902
165
366
40
364
612
522
243
257
788
209
560
258
348
839
573
786
575
458
327
836
38
80
120
205
885
677
66
542
458
209
839
420
183
242
372
591
811
290
403
511
538
963
341
974
664
352
757
929
61
470
931
329
702
446
285
427
451
943
371
786
609
290
920
476
125
56
782
254
167
238
739
65
616
633
960
366
30
378
155
476
759
161
703
454
554
604
934
695
189
308
319
351
447
316
952
187
385
230
731
815
170
341
235
924
318
645
214
810
381
179
943
410
749
387
678
661
950
194
99
653
660
431
698
329
187
424
784
131
951
577
827
698
124
801
224
415
998
835
472
358
585
871
209
947
161
793
797
724
232
13
346
383
835
652
990
272
126
137
298
887
820
34
937
702
901
918
963
741
5
180
166
526
579
773
674
658
350
964
760
146
420
382
773
168
953
387
608
358
619
29
434
895
226
416
960
848
211
766
289
909
65
31
736
737
49
42
561
960
489
224
479
163
825
309
364
36
341
97
8
380
471
797
424
230
652
131
109
591
774
149
201
338
118
136
425
739
585
830
321
762
13
97
754
586
50
98
664
833
696
817
41
798
386
801
483
437
45
500
664
14
467
827
865
657
499
437
744
984
549
848
806
26
34
160
120
764
413
474
164
169
557
755
149
462
783
232
128
288
958
2
885
613
233
337
413
728
544
957
62
737
543
577
569
924
391
391
448
369
97
12
850
931
525
466
59
110
422
519
590
777
208
558
173
388
531
696
756
395
875
430
243
793
230
94
750
510
557
978
568
903
300
76
638
731
822
597
624
330
525
534
161
43
937
196
801
799
46
321
519
525
109
820
923
332
880
521
656
399
42
407
286
447
24
390
390
568
741
664
782
478
532
79
525
691
751
608
754
797
183
898
709
792
163
359
465
17
297
579
702
620
145
801
107
667
857
692
143
344
462
641
544
212
472
599
396
632
932
843
186
488
80
690
984
576
194
463
385
18
399
807
985
606
981
438
651
182
608
348
597
569
311
940
327
867
141
167
41
195
180
704
71
957
180
993
674
543
462
457
764
696
626
466
867
956
936
411
894
442
822
332
490
403
372
641
337
34
617
88
968
114
818
77
880
897
531
775
150
850
674
403
144
400
870
552
625
832
77
809
926
159
960
840
764
948
137
291
107
226
23
821
446
549
430
472
780
652
838
858
443
743
463
138
217
831
351
525
526
335
349
422
420
473
421
939
604
782
580
860
167
8
131
963
46
148
246
154
847
268
127
74
986
839
554
614
985
868
562
920
857
931
110
402
191
521
981
119
224
222
162
340
6
268
26
673
456
442
777
532
352
948
66
224
511
326
265
594
411
516
685
405
551
333
898
628
412
7
636
348
941
644
436
647
236
86
27
633
605
99
649
295
868
793
762
954
6
411
692
629
738
211
769
593
291
770
994
282
784
702
663
323
604
344
886
869
72
635
803
295
166
734
397
804
801
983
977
965
993
792
518
679
367
662
153
504
605
385
487
441
131
996
79
231
6
77
736
21
665
210
416
988
905
593
32
75
448
354
799
990
861
47
170
499
440
94
917
932
946
749
149
90
279
506
519
756
685
800
415
889
67
973
399
54
559
292
902
903
366
575
725
564
531
604
927
114
631
711
466
168
742
929
353
474
579
374
364
88
917
784
411
581
622
110
150
922
48
269
512
235
860
794
196
979
347
58
442
781
603
561
79
734
498
901
444
102
854
703
444
209
368
264
278
814
317
417
28
151
287
624
285
963
333
325
921
615
34
693
153
82
191
239
546
10
141
690
226
44
609
623
902
77
245
803
467
119
22
740
660
739
341
601
10
255
43
31
129
81
912
813
844
201
883
239
134
414
192
92
667
159
513
871
83
798
920
480
414
832
653
142
675
519
755
313
764
647
843
141
391
6
331
99
670
379
410
635
409
962
226
44
282
446
52
996
457
90
738
198
41
298
135
620
568
363
652
241
734
620
970
823
279
257
784
474
807
769
106
366
808
7
844
797
339
279
254
685
899
604
999
857
450
444
284
507
255
88
745
644
618
26
547
612
251
241
535
307
741
201
923
526
367
617
727
892
921
422
601
797
315
99
341
388
489
282
236
877
869
886
681
233
744
55
50
155
835
380
365
478
284
176
525
329
232
503
172
493
743
658
971
132
857
738
470
700
39
956
715
118
646
577
917
774
682
277
944
543
580
828
953
394
83
580
913
231
284
309
742
124
989
748
722
621
243
86
680
901
95
94
379
446
882
498
96
845
681
843
961
727
352
458
313
671
663
575
314
212
147
509
65
826
63
505
323
745
693
237
837
17
15
857
857
600
207
853
473
886
960
384
180
342
466
509
427
637
154
779
775
825
711
236
662
289
895
550
189
162
669
471
60
144
116
216
27
178
90
499
347
529
263
327
998
473
34
618
739
917
706
418
867
658
837
406
859
39
687
701
532
637
809
607
487
771
245
610
858
482
285
574
505
788
133
380
102
750
569
429
567
829
900
609
795
521
323
634
822
248
254
817
980
939
485
890
683
538
604
692
886
698
14
926
319
885
906
688
402
940
154
818
419
943
448
191
780
261
170
419
697
201
892
505
166
874
472
361
164
88
265
564
662
421
945
116
680
201
237
442
456
100
437
112
346
816
401
274
717
170
701
609
383
68
262
972
491
683
853
438
681
507
154
150
981
249
81
168
145
713
425
752
271
637
199
765
563
669
220
313
622
34
168
973
805
113
658
968
799
44
233
138
358
811
422
1
964
773
65
269
827
719
425
712
477
418
904
373
825
857
969
629
423
770
570
762
251
430
718
997
419
984
4
318
349
399
934
150
363
455
387
523
118
766
875
863
86
628
923
960
953
198
638
615
189
663
768
903
420
369
615
918
321
467
630
743
903
823
188
539
677
357
481
183
371
835
426
993
815
475
938
60
442
221
30
220
640
660
344
403
913
352
779
729
633
781
665
373
698
964
165
589
393
834
893
779
421
265
306
417
714
477
915
219
950
351
753
505
772
748
23
761
760
357
396
302
612
882
953
546
40
219
996
811
534
867
517
846
628
3
454
195
558
980
413
839
75
410
463
559
775
622
751
305
57
332
121
941
306
624
141
995
288
738
607
840
174
233
594
42
956
435
734
993
589
744
978
685
456
484
924
698
715
518
322
371
720
543
732
804
508
792
341
66
84
189
859
758
223
378
161
388
772
159
137
257
574
627
382
151
519
225
707
761
801
152
289
255
83
877
690
875
25
737
788
686
717
380
649
854
772
188
402
173
505
271
5
476
911
374
667
775
151
525
76
713
705
490
75
868
146
260
953
956
716
730
665
215
626
904
127
214
152
677
397
843
45
52
874
419
857
9
154
586
985
535
177
35
333
948
152
107
83
336
585
487
1
926
276
95
270
509
398
115
762
367
340
479
762
488
683
635
572
994
21
240
847
572
283
735
93
134
299
212
459
215
721
964
503
3
214
303
938
90
861
307
329
534
425
990
256
541
269
707
381
33
653
507
609
12
810
816
623
255
127
583
547
547
509
119
371
667
744
387
430
321
638
63
544
630
550
909
896
14
641
30
430
122
532
10
435
467
10
808
968
310
449
618
567
109
672
76
841
556
659
619
684
88
242
538
227
815
616
206
58
224
175
630
713
795
904
794
434
130
102
509
563
770
479
760
639
817
462
438
778
336
606
452
409
157
116
916
3
105
325
377
40
399
683
340
809
281
435
710
352
964
879
163
950
730
33
57
836
564
196
284
134
962
119
227
317
353
803
319
598
507
697
911
70
713
316
136
371
422
52
792
155
705
114
691
483
328
853
194
770
8
82
998
851
742
284
755
935
275
88
460
194
873
70
566
74
995
408
236
780
179
590
165
181
561
296
118
26
603
69
506
16
177
314
759
916
763
371
760
742
931
641
13
643
188
690
711
803
767
444
773
92
70
778
911
590
493
643
569
24
301
92
916
934
909
426
303
706
883
688
218
462
452
12
944
604
402
504
711
494
882
684
346
162
764
630
165
482
643
688
252
85
496
467
482
393
482
847
703
605
352
192
920
128
492
814
434
344
484
787
770
6
47
475
682
651
575
155
304
395
695
304
349
950
194
22
25
664
538
33
53
730
814
147
787
796
337
62
115
485
90
817
669
136
290
360
343
954
497
408
76
219
465
49
4
192
515
389
99
957
868
100
570
67
45
953
52
635
424
886
976
245
96
50
306
828
518
659
336
500
442
120
563
84
557
302
87
485
684
157
821
704
120
421
191
211
84
606
896
953
261
909
127
437
509
872
868
198
338
345
342
207
44
309
371
61
491
737
147
22
597
486
257
368
477
910
793
539
160
514
314
411
12
473
91
788
450
920
758
398
416
774
70
8
607
688
653
676
962
560
566
110
260
503
887
262
401
108
466
444
262
179
524
561
517
425
235
275
616
774
563
972
885
496
136
968
840
234
929
299
847
412
70
86
483
5
408
511
34
779
269
345
541
907
592
773
974
559
917
575
624
151
778
975
870
122
675
583
429
627
535
782
748
52
310
799
388
647
966
174
887
265
337
420
205
123
359
611
383
992
696
67
890
143
915
714
835
953
835
887
841
394
162
111
170
301
390
576
996
153
867
995
346
663
242
910
127
144
802
582
435
716
313
413
712
218
606
907
249
205
3
656
316
965
865
384
785
639
811
156
830
678
55
891
611
105
523
916
138
515
13
135
337
868
51
93
981
365
645
910
171
229
135
943
987
831
995
723
780
483
369
34
540
306
344
425
607
834
234
376
422
180
811
257
825
665
31
626
87
333
149
632
775
120
187
576
441
14
442
690
800
328
924
333
805
852
845
149
391
256
722
256
899
17
44
847
265
660
721
114
931
616
120
279
312
769
93
525
816
888
127
982
216
564
143
397
82
702
779
717
699
672
670
342
633
143
915
87
890
608
928
665
50
653
363
396
738
74
356
349
688
593
111
657
502
381
876
949
35
656
974
899
437
103
297
480
185
874
939
705
972
901
584
242
828
733
521
56
776
219
311
3
762
513
702
444
393
150
514
332
306
250
428
54
396
515
513
543
395
749
972
163
570
111
563
792
606
812
474
791
926
561
78
543
430
507
598
786
226
641
390
951
910
647
457
276
513
142
183
93
58
34
596
442
886
44
230
602
175
419
211
35
887
451
785
183
836
834
98
231
251
67
738
669
404
329
103
380
212
876
479
786
634
317
177
366
975
623
326
377
212
523
803
739
297
676
465
134
691
519
276
334
739
298
630
55
122
891
42
63
745
6
174
341
492
506
197
615
729
645
764
864
810
104
362
277
992
159
349
558
820
424
524
926
369
928
152
358
520
212
851
417
350
783
246
266
684
421
510
996
655
881
746
643
556
408
863
513
721
238
990
776
761
778
570
93
692
393
426
136
200
197
644
711
951
501
930
517
976
115
153
446
575
885
583
440
52
470
301
115
512
738
926
758
817
999
227
659
597
649
833
33
821
391
114
462
946
281
790
308
324
524
477
62
109
604
220
674
196
875
934
159
372
658
13
12
370
286
448
432
438
545
340
190
807
100
730
35
465
414
388
380
771
590
852
200
905
41
971
692
968
481
349
272
443
429
158
46
657
650
328
636
68
566
356
216
737
292
684
874
16
892
277
472
458
715
176
652
603
596
847
584
482
448
765
880
695
882
209
49
32
906
452
863
656
923
903
814
564
953
968
477
314
59
782
478
854
633
643
571
283
177
879
914
342
87
415
122
989
700
545
153
247
786
770
114
710
621
575
854
641
252
880
823
235
403
96
261
124
51
398
888
886
599
772
335
984
919
133
436
791
479
551
89
754
457
157
620
343
305
718
205
849
893
103
17
833
982
643
886
742
747
777
176
424
764
523
763
728
766
550
312
346
281
808
841
541
37
371
539
812
829
50
437
798
364
794
105
459
729
393
871
681
670
678
170
446
497
290
545
291
924
631
80
321
625
699
959
800
945
327
457
116
125
268
467
561
718
776
876
237
905
66
36
387
483
5
240
929
38
639
72
551
921
856
356
450
848
972
549
33
906
945
672
112
267
626
552
408
969
793
599
551
193
795
552
761
753
649
857
528
676
756
319
858
302
392
63
32
689
611
45
196
479
275
207
163
971
525
144
644
193
711
599
143
498
424
598
500
458
897
483
882
481
67
855
378
286
324
259
48
302
530
206
217
595
676
953
750
368
435
659
593
65
840
676
956
910
976
212
297
482
355
503
888
699
854
543
837
282
653
858
651
136
794
731
863
568
597
212
415
231
862
334
885
367
766
721
626
986
351
906
977
705
381
488
738
114
718
526
946
503
540
85
139
507
175
364
718
608
381
408
52
171
781
264
14
348
488
494
375
562
643
756
450
562
969
68
241
657
607
426
496
312
607
801
824
804
941
219
151
274
800
466
288
974
269
979
192
50
105
112
7
818
767
298
999
144
424
730
945
799
482
466
52
335
67
533
203
336
566
640
899
655
469
313
684
929
260
360
501
19
606
719
130
605
782
34
45
925
173
998
518
277
185
91
729
79
122
374
520
929
649
789
811
663
832
57
658
90
238
565
794
780
51
588
925
589
853
675
320
900
592
962
336
237
961
635
833
515
562
659
341
683
703
834
12
125
477
388
638
776
276
27
609
598
346
756
990
602
751
489
405
856
903
80
894
502
117
110
352
617
177
598
824
557
390
515
479
226
279
174
561
150
855
785
225
267
197
987
320
230
43
934
19
20
931
50
26
48
923
770
730
203
291
114
221
629
135
277
260
65
724
37
243
430
969
475
226
142
913
892
191
344
280
809
992
652
653
38
967
45
609
608
877
225
823
168
21
915
459
175
907
31
3
159
541
132
744
870
54
303
788
702
40
541
270
843
841
304
512
177
643
839
53
894
76
224
201
791
81
384
975
349
399
83
852
400
994
819
801
19
28
270
770
847
582
787
862
684
897
417
755
563
250
142
812
130
829
818
337
859
120
681
497
902
561
562
558
641
541
350
610
519
470
735
174
28
449
334
349
991
845
160
207
276
866
297
36
911
290
382
64
487
717
411
248
237
545
499
62
497
907
924
268
137
853
213
385
1
49
793
963
515
712
57
663
317
336
835
381
26
284
337
101
709
298
916
569
637
431
61
298
820
256
651
135
259
693
221
752
132
396
935
633
365
861
25
162
226
513
426
753
333
782
209
654
435
668
82
230
839
135
514
75
853
21
786
383
299
607
999
218
607
40
839
462
486
464
178
862
722
847
618
479
68
317
249
89
377
391
90
218
772
562
787
97
161
154
299
503
507
912
303
429
783
732
773
770
905
372
984
376
252
718
147
469
976
750
595
890
92
210
521
363
641
950
368
581
406
156
103
351
602
765
631
839
128
525
233
20
660
760
98
981
145
284
504
94
952
919
514
69
690
344
988
64
792
560
55
487
978
967
288
137
383
361
200
547
465
280
795
857
830
431
501
272
895
92
743
235
317
835
687
840
311
315
578
662
702
91
345
519
638
495
275
135
224
356
885
403
575
724
848
513
685
552
882
5
216
217
499
286
993
821
683
288
80
155
549
513
203
585
265
941
450
79
402
709
52
659
719
168
568
734
686
322
915
943
376
718
481
117
922
29
404
416
997
549
231
156
297
956
281
471
67
922
410
346
97
192
774
938
853
526
770
462
150
267
397
845
780
392
25
837
254
795
789
306
2
847
923
729
41
23
94
306
520
189
104
559
778
523
534
29
266
522
468
898
150
554
984
762
332
596
764
973
986
142
314
135
592
800
38
781
778
826
607
78
900
307
315
950
398
840
384
48
94
420
523
241
656
125
243
259
305
394
254
905
952
417
765
249
197
43
746
674
386
744
401
457
381
966
354
105
584
649
247
915
339
354
972
398
985
442
625
821
93
257
759
819
700
738
492
603
774
176
212
1
347
983
249
30
592
964
173
918
678
324
56
960
545
419
655
811
484
608
480
434
487
567
365
716
77
689
358
970
675
263
625
708
155
119
133
311
151
727
644
241
550
835
499
175
816
908
881
317
18
953
944
232
304
321
170
4
215
240
523
218
10
360
935
212
715
10
706
950
861
175
542
227
700
678
733
181
807
981
254
173
475
859
915
934
507
194
747
891
731
815
110
864
580
525
338
860
876
594
671
903
803
141
704
457
386
336
13
831
522
975
108
910
253
700
102
462
640
717
546
81
887
615
54
268
204
98
604
466
176
984
16
143
863
427
214
902
565
793
548
405
655
747
695
240
638
738
397
64
260
483
77
175
134
65
153
462
652
277
456
432
805
36
113
106
33
172
425
463
250
643
560
584
634
804
278
107
284
373
182
923
951
638
368
386
753
347
912
785
244
136
715
388
217
629
601
807
231
855
18
935
814
631
618
145
530
167
506
646
584
84
76
832
70
85
707
160
427
135
259
774
259
361
252
740
932
244
461
233
313
24
271
5
250
524
761
640
477
877
613
46
355
448
474
273
16
102
412
165
832
812
322
380
120
788
726
136
133
488
962
525
442
413
189
952
27
192
974
633
316
463
940
503
167
32
857
86
106
504
78
831
657
958
62
139
751
33
666
115
964
425
23
595
240
278
637
47
640
294
684
64
944
670
138
996
453
892
928
230
759
126
169
804
449
137
436
146
961
567
375
332
987
784
517
430
332
828
962
812
14
218
985
34
4
196
571
154
757
21
816
981
996
172
519
817
209
327
503
83
153
312
743
916
131
718
230
469
148
653
287
845
592
876
585
820
743
529
383
422
863
955
496
316
890
109
987
274
210
783
32
569
452
596
473
550
197
317
885
394
552
899
445
618
120
510
510
763
875
671
366
557
877
102
923
109
450
404
222
136
562
133
314
377
256
684
625
697
327
561
180
472
21
299
747
718
902
363
18
828
483
402
226
841
820
490
297
332
407
864
258
52
943
12
946
286
626
307
646
673
796
46
256
85
361
159
424
552
851
880
978
770
743
736
325
19
694
818
925
499
709
510
643
709
930
466
313
748
522
524
972
157
776
370
637
139
967
870
298
493
852
258
549
65
659
809
376
608
776
144
486
414
774
526
279
993
302
346
882
143
938
100
581
893
239
838
143
489
683
573
145
302
745
351
293
82
111
927
174
580
811
392
823
401
943
265
505
556
928
872
444
994
886
834
607
497
48
509
176
445
519
212
703
779
711
24
92
48
965
579
394
379
309
813
897
261
761
354
692
617
815
124
437
227
69
293
892
691
656
494
298
934
332
286
620
850
595
368
510
662
962
243
735
327
572
783
841
337
975
915
445
771
5
982
321
827
710
193
696
832
226
123
118
471
449
847
728
219
163
134
490
509
38
633
556
219
587
181
88
334
298
636
102
547
642
289
402
980
880
316
353
321
250
2
187
621
667
58
649
542
204
904
668
196
993
884
717
699
375
426
821
290
404
143
259
609
143
529
965
195
813
995
446
611
342
407
538
725
473
867
830
938
248
589
705
89
350
120
389
817
169
109
777
640
694
343
380
926
715
616
259
418
612
788
738
468
299
765
859
852
839
383
845
731
92
513
482
281
137
848
756
205
815
463
290
185
208
227
724
624
107
216
254
83
571
670
501
299
216
74
955
323
959
575
221
509
801
627
237
804
511
243
744
813
466
215
488
405
15
714
763
0
951
823
694
12
524
449
117
207
815
671
551
607
162
929
390
420
582
113
954
556
440
446
407
261
128
65
31
438
3
902
689
726
931
31
437
213
122
774
831
853
573
278
304
220
835
412
574
173
180
953
956
469
144
55
75
37
162
450
511
365
15
413
1
481
587
524
734
781
766
745
150
561
573
875
845
226
943
83
538
213
165
21
146
440
120
798
591
62
443
91
561
557
309
819
171
556
144
884
592
602
271
238
601
631
601
927
420
841
460
124
990
878
726
734
396
968
147
277
73
646
120
887
412
331
414
452
351
995
392
796
834
872
432
297
191
58
520
897
861
749
739
697
416
807
822
850
184
386
873
867
501
254
103
685
274
200
631
39
72
954
59
440
119
272
571
269
945
673
54
622
185
113
864
283
606
637
906
224
520
521
748
763
139
947
820
901
582
269
501
637
431
490
93
390
644
137
341
222
842
507
990
578
881
919
897
405
7
66
868
832
843
7
59
684
414
829
804
713
353
96
908
248
78
288
531
15
283
339
73
715
217
718
260
964
334
899
649
929
858
352
921
369
290
231
300
585
120
438
756
853
349
587
826
830
979
953
376
227
281
233
318
615
344
205
412
623
805
119
451
849
606
76
295
304
437
438
350
289
28
914
263
311
256
383
614
527
651
530
238
16
998
861
225
499
812
382
122
52
737
838
12
900
724
222
282
989
553
35
846
210
273
555
263
198
893
569
554
411
526
417
271
273
512
80
817
954
385
330
104
947
624
913
623
433
706
703
340
39
649
558
424
530
870
309
233
11
295
999
442
883
30
750
268
752
193
307
142
746
515
475
795
93
443
449
261
986
989
275
691
659
996
515
484
943
485
335
544
125
202
858
355
530
827
292
703
100
290
299
647
70
603
488
310
568
310
962
491
680
184
129
517
22
497
766
566
576
854
363
295
36
198
795
413
438
603
339
924
956
858
934
197
495
76
15
217
47
481
986
222
87
918
336
134
916
366
285
214
262
405
949
908
589
802
632
933
211
139
476
776
177
265
942
213
515
725
300
738
271
674
150
661
287
95
983
680
461
458
377
741
592
473
5
378
498
133
958
392
842
953
212
110
807
512
444
958
121
398
688
826
586
476
361
793
512
680
653
378
336
137
684
39
95
158
961
323
634
130
206
115
61
606
272
978
552
526
83
834
225
990
458
866
244
102
448
233
933
933
664
536
462
501
499
581
478
478
324
840
204
290
327
123
366
172
266
274
572
870
445
874
170
290
629
145
818
280
739
58
985
687
999
945
736
343
190
923
16
274
438
117
788
6
565
816
712
532
538
956
704
299
405
839
905
221
896
547
865
509
480
250
584
807
82
604
524
519
695
20
978
343
264
622
319
85
263
940
276
5
407
628
623
883
10
885
950
815
234
309
866
975
825
226
5
720
264
466
617
824
974
434
649
341
719
943
619
419
70
906
109
642
556
989
473
9
305
568
139
942
852
678
691
952
28
933
982
276
458
375
430
775
387
369
412
141
411
741
812
815
934
822
662
658
457
185
788
435
566
41
171
473
461
323
202
466
832
230
936
15
455
717
488
665
958
228
906
155
459
740
710
691
306
791
4
402
508
987
837
995
69
157
750
651
147
471
538
288
638
808
110
291
879
822
566
368
396
558
808
117
348
373
886
634
619
165
129
748
238
509
615
934
868
924
936
44
764
150
102
324
732
580
441
358
575
916
191
176
43
332
9
237
545
899
772
660
172
781
159
906
992
453
70
917
599
6
939
40
649
396
755
383
747
155
858
240
937
153
75
405
485
150
240
249
404
733
483
149
552
932
970
564
192
802
762
918
959
175
725
513
863
621
818
745
252
973
15
211
453
316
73
683
338
466
838
475
857
934
114
312
174
710
186
368
958
454
217
988
59
407
92
953
939
169
94
917
97
281
278
195
758
248
122
808
731
44
457
581
94
699
759
495
658
852
101
382
147
577
654
648
931
108
87
305
272
759
317
349
956
771
55
863
725
529
440
992
296
318
525
957
480
31
47
439
462
224
203
462
579
297
3
131
249
390
340
622
920
648
727
120
770
307
469
95
381
618
21
996
281
571
155
45
772
861
460
402
932
297
682
36
50
48
110
229
744
97
69
258
202
47
337
173
23
711
82
76
608
541
721
958
26
573
14
445
973
279
456
179
681
17
186
635
803
624
396
736
64
181
200
263
241
391
527
364
325
667
167
944
717
360
320
892
377
895
251
26
702
627
195
311
964
184
13
201
76
607
613
585
203
383
709
283
837
661
888
372
943
199
989
315
161
918
21
441
807
206
707
559
139
461
400
698
868
663
763
930
586
296
456
993
623
98
300
256
454
607
692
49
1
255
367
631
164
597
313
218
844
94
85
820
157
232
270
680
447
159
691
106
906
216
212
231
245
987
190
55
920
319
116
508
179
707
649
201
693
519
64
776
709
697
227
660
512
349
237
422
198
376
417
562
699
195
19
693
871
250
235
106
724
246
345
494
911
641
977
752
287
740
737
901
348
478
59
445
391
43
63
250
365
989
842
365
281
82
601
726
937
656
56
897
784
752
136
832
367
996
960
45
738
488
957
265
579
223
617
359
764
169
678
731
718
325
614
31
241
145
288
828
49
431
28
366
488
137
660
181
736
332
78
180
440
628
742
363
294
685
91
771
198
117
436
785
250
924
985
13
54
592
773
319
742
284
872
350
468
293
484
549
799
383
951
651
687
606
331
322
629
218
939
968
204
346
999
2
723
701
891
60
233
453
762
785
747
988
557
712
975
434
709
952
952
779
657
717
110
851
567
906
513
135
342
459
866
296
220
582
492
853
209
170
644
130
539
155
121
706
563
887
546
549
883
220
28
802
92
21
916
547
670
459
166
279
362
808
929
582
354
128
456
74
661
22
997
118
534
488
878
162
940
254
2
119
390
764
695
299
186
421
22
792
918
614
662
984
225
450
708
998
450
837
373
583
76
350
623
179
790
547
743
679
898
164
633
751
492
56
147
0
696
809
132
709
154
911
368
674
371
897
971
929
696
71
946
247
250
367
180
51
778
462
318
92
249
109
414
689
86
538
489
497
295
283
58
686
982
419
880
971
709
884
442
619
133
127
610
969
999
438
491
96
560
222
729
223
480
566
173
381
446
372
841
16
532
286
269
150
710
311
604
898
908
337
259
205
272
442
208
873
453
27
643
629
617
220
88
327
691
209
749
290
922
792
581
438
981
29
899
385
531
1
180
745
118
710
489
161
263
894
150
385
102
162
408
604
135
789
416
312
664
151
679
712
2
703
34
735
448
799
348
574
182
748
491
133
290
0
399
477
916
30
621
940
350
271
562
483
428
95
938
674
668
579
616
607
9
63
125
342
996
636
662
425
383
912
111
544
697
324
345
832
780
88
702
107
704
742
266
51
235
692
206
483
738
770
863
652
567
685
591
192
7
926
129
778
502
418
209
537
149
772
852
403
222
37
372
879
535
880
992
548
524
262
997
235
707
649
428
293
604
65
651
112
706
928
811
431
830
376
494
898
17
719
947
285
333
82
237
834
433
858
142
314
520
555
110
540
33
40
850
255
557
486
32
45
582
183
543
379
716
424
453
470
396
444
956
804
774
217
536
631
185
634
800
433
935
6
836
290
860
274
312
615
563
257
544
124
11
482
991
273
555
234
805
163
682
322
960
202
230
522
201
265
98
211
504
389
16
248
811
40
392
9
817
144
786
797
318
592
217
976
555
237
656
330
579
813
960
36
377
130
307
640
310
276
928
939
733
530
140
911
703
463
727
659
423
974
846
321
485
267
980
274
901
203
340
903
675
136
914
724
425
260
623
648
343
279
9
889
275
161
591
75
236
521
934
391
451
697
626
815
217
414
826
266
792
739
170
142
755
942
112
651
69
941
967
779
323
602
931
377
343
570
289
67
671
751
531
901
297
76
905
35
717
82
747
433
393
977
779
704
581
484
78
621
377
323
318
332
768
989
226
313
629
992
549
781
583
77
956
198
209
799
46
771
202
176
95
910
761
48
691
443
568
327
248
945
561
526
979
812
645
795
567
521
705
974
78
844
751
373
63
776
947
846
367
653
716
366
528
482
679
491
398
596
881
738
608
699
765
511
679
158
360
566
762
211
902
673
865
719
550
545
448
45
659
807
105
559
83
60
889
499
524
407
823
350
130
310
492
998
262
804
119
126
257
596
160
259
210
823
785
438
318
747
712
560
58
461
986
681
917
440
125
228
85
386
32
721
223
320
916
897
425
410
127
695
930
287
108
705
511
923
546
254
24
667
417
296
603
538
779
670
406
138
323
541
872
977
732
613
619
75
382
785
314
815
668
548
545
748
2
605
797
908
511
722
751
682
989
503
916
185
16
236
901
713
592
23
532
427
293
719
359
651
203
357
901
899
684
228
133
529
169
678
564
306
191
617
813
639
551
927
762
901
740
217
183
852
568
48
552
765
684
809
603
616
408
27
691
866
929
771
0
261
23
576
769
59
951
224
185
925
599
171
882
975
178
11
24
477
374
452
768
94
795
104
725
785
548
873
805
992
15
32
297
353
657
305
328
314
103
344
199
641
184
1
653
766
588
693
388
767
180
150
53
868
546
531
90
977
540
511
143
749
278
719
977
266
582
509
774
125
948
188
634
947
480
784
658
873
531
263
895
547
58
594
622
367
50
305
130
544
33
953
770
856
968
455
109
846
606
514
741
819
269
218
709
778
183
6
354
240
156
110
196
293
217
949
247
3
779
910
423
683
998
839
380
266
182
613
414
417
570
432
550
959
507
514
47
71
133
68
963
872
402
410
423
198
111
917
576
295
766
22
238
967
659
410
242
829
215
988
163
829
721
988
331
768
741
331
76
560
332
601
215
386
98
507
342
510
789
9
699
24
974
83
302
456
15
37
855
365
517
430
987
695
215
709
362
134
417
119
997
201
90
445
191
286
397
986
440
325
774
838
44
307
569
540
578
509
278
78
48
542
658
755
957
981
817
247
192
886
92
994
228
966
961
984
534
250
20
556
327
767
803
564
602
446
699
927
585
133
303
210
647
988
422
473
782
296
112
140
487
294
197
460
977
936
360
444
664
143
222
978
459
958
535
762
183
891
165
743
942
605
671
426
341
981
176
768
144
712
217
434
435
944
267
810
414
564
193
744
814
450
714
352
625
273
495
648
531
344
233
616
703
0
450
626
28
672
449
877
357
666
566
535
117
244
252
627
863
104
695
139
907
519
79
82
852
628
928
849
864
505
838
740
162
925
800
990
577
8
675
135
89
784
59
904
191
336
103
554
39
435
595
37
699
254
196
59
63
953
268
444
511
456
945
619
150
609
815
433
28
621
172
259
729
661
110
312
410
523
438
871
799
957
267
568
171
655
597
762
40
185
737
488
26
984
448
461
557
956
375
548
806
33
278
737
266
450
219
267
201
731
729
611
995
381
996
836
223
622
220
438
638
723
647
2
806
266
189
688
549
448
789
464
420
279
700
657
271
326
128
46
369
750
369
952
314
265
947
759
588
223
191
776
459
987
775
683
447
516
784
482
480
659
941
493
628
169
379
649
296
539
458
979
58
824
181
21
882
457
481
449
986
28
117
324
721
182
526
544
386
692
595
949
299
793
265
497
12
65
465
585
873
499
897
673
445
683
49
99
463
493
868
943
359
324
957
19
570
795
777
892
289
422
527
35
591
546
829
688
158
641
822
422
389
699
507
793
333
310
879
228
211
92
228
600
828
340
919
919
281
371
354
239
278
992
959
607
336
29
750
186
720
887
129
810
460
105
332
588
155
652
896
725
633
803
283
75
726
686
62
338
495
738
853
979
780
97
397
915
224
650
384
823
777
341
561
804
764
29
211
227
191
167
626
910
910
191
765
588
428
638
962
22
251
894
629
797
5
567
359
262
911
541
558
42
109
564
554
257
307
65
514
196
232
886
603
809
881
653
146
566
584
981
972
887
56
263
916
567
339
661
676
839
223
195
123
713
348
673
52
494
697
229
778
119
672
280
231
641
562
172
765
264
723
79
709
861
168
73
461
917
182
965
334
389
891
751
985
492
548
689
973
769
120
466
778
748
37
388
771
198
186
609
105
695
682
28
846
733
435
401
583
86
653
694
331
581
243
726
258
480
572
504
664
340
549
506
157
170
444
133
890
374
533
838
985
816
824
453
656
542
717
81
336
479
221
399
997
586
222
135
638
452
202
197
821
538
41
341
968
902
581
395
885
507
924
739
243
408
700
1
628
232
617
678
74
394
58
58
878
338
453
120
54
655
73
916
750
253
252
630
87
272
260
879
215
895
754
214
713
130
582
191
161
730
558
871
338
261
287
978
29
237
247
674
646
214
307
927
728
744
405
922
218
962
195
678
545
336
853
92
383
241
893
286
358
912
18
126
699
564
457
232
744
926
292
475
677
991
310
478
231
548
971
995
797
805
430
38
196
167
445
455
652
934
187
405
928
11
125
452
998
803
999
895
31
988
710
787
772
204
233
488
307
502
192
709
589
822
868
556
31
117
942
989
709
866
712
797
387
170
185
893
650
829
88
472
812
507
5
705
728
514
910
510
4
937
390
536
338
606
177
480
5
22
710
351
800
158
601
512
890
10
375
190
911
336
740
850
29
437
850
707
818
635
33
437
267
385
907
922
107
531
696
495
521
684
418
998
598
404
466
997
76
814
33
117
19
850
31
549
366
69
161
166
412
562
445
738
579
92
925
877
544
789
46
700
554
509
994
254
553
931
663
743
879
680
493
494
213
949
921
618
73
459
278
324
896
640
662
964
419
446
927
305
576
803
790
385
63
503
858
591
935
502
379
735
398
886
31
888
438
418
509
217
937
712
133
125
247
109
427
531
222
293
226
178
677
504
641
118
636
163
174
50
836
71
709
721
585
355
310
816
943
115
137
105
100
777
967
183
549
738
826
929
543
790
859
309
983
271
218
663
403
251
66
392
440
869
840
483
854
622
461
857
791
959
726
724
902
404
300
641
143
271
215
550
571
174
896
634
505
743
132
833
855
825
730
690
334
377
393
722
130
57
540
983
847
412
569
890
392
94
915
236
500
196
545
882
376
763
402
73
929
366
44
184
825
783
191
910
421
143
208
349
387
782
156
458
935
921
488
998
631
331
213
807
701
76
495
431
264
243
627
908
127
343
939
757
892
873
165
284
211
151
108
386
62
862
900
674
899
311
282
696
950
424
468
977
943
871
24
385
670
115
466
940
631
306
808
187
648
450
330
451
721
287
533
160
157
903
931
706
713
313
371
907
303
720
705
626
467
395
986
271
311
950
698
237
524
18
668
309
12
117
532
275
822
448
834
259
973
425
934
382
36
340
582
714
830
586
70
628
350
244
126
473
665
569
224
628
115
41
856
667
309
160
164
902
639
310
7
453
591
830
516
696
75
374
551
770
391
50
892
607
338
956
191
941
442
702
247
856
242
202
567
271
837
775
463
453
41
274
74
818
955
741
194
85
800
612
384
130
640
661
170
544
848
323
631
314
933
136
752
670
673
770
219
992
973
327
639
65
412
541
967
553
82
809
377
883
776
614
193
250
871
203
191
531
12
941
522
336
829
431
964
311
306
92
379
267
367
453
29
728
113
724
673
226
371
232
426
501
854
609
716
724
207
331
895
760
564
850
463
237
214
885
567
934
550
450
403
793
823
873
45
947
655
111
394
840
293
969
186
234
856
934
116
577
141
105
884
54
200
504
613
121
416
975
269
55
768
198
577
9
726
777
645
332
872
407
433
538
82
755
678
4
388
298
894
80
559
505
413
732
966
805
71
55
978
204
300
535
503
778
612
158
657
354
743
192
160
292
688
38
540
851
836
117
129
383
327
306
132
259
159
200
878
877
831
263
996
742
909
820
226
124
979
449
722
52
443
672
848
606
529
418
971
310
886
567
787
301
676
813
651
657
367
396
888
725
417
724
361
692
22
280
871
315
42
621
102
140
940
464
616
580
175
970
913
827
907
434
869
162
674
795
168
545
919
145
812
123
859
868
13
811
369
62
935
564
10
83
580
841
830
763
786
735
55
65
314
637
396
524
74
121
465
90
694
900
761
689
460
90
439
230
849
114
290
941
298
595
378
553
34
619
514
552
808
218
149
940
573
553
151
756
651
165
501
202
249
627
349
503
26
336
277
206
385
995
155
163
582
15
808
941
853
186
224
731
634
197
733
953
190
873
620
405
868
717
183
609
40
261
518
78
450
362
307
401
40
847
997
741
602
314
490
520
146
589
66
920
290
267
1
440
391
393
922
553
254
777
512
25
371
246
999
160
948
923
905
42
306
842
260
63
572
87
331
775
432
370
632
908
459
987
484
215
604
2
887
563
623
214
675
497
696
913
807
380
310
149
344
630
913
844
563
357
614
914
729
904
529
812
447
870
962
482
666
361
364
225
598
533
765
321
845
543
543
901
558
294
407
745
220
269
611
442
296
974
659
369
761
665
564
985
665
909
779
24
833
429
567
221
797
800
360
147
612
702
906
25
22
898
222
265
566
624
657
248
587
398
670
327
352
298
678
564
337
256
32
212
750
954
297
186
591
801
67
219
19
93
912
962
540
789
518
366
810
235
963
786
702
179
812
787
824
547
568
581
396
897
902
882
826
867
28
403
600
626
877
591
924
217
469
501
540
301
422
727
521
882
398
168
503
246
127
368
859
150
430
580
92
491
923
540
265
39
983
698
901
698
919
281
104
339
114
725
748
114
126
537
107
94
211
874
757
72
790
842
12
827
600
334
83
697
0
75
536
158
733
344
562
634
964
931
277
354
503
603
894
41
292
160
914
508
908
840
45
403
487
490
274
613
732
143
309
432
81
644
397
643
150
706
883
620
251
654
227
998
543
261
477
447
421
822
632
968
946
501
47
727
23
141
748
460
153
39
953
942
161
781
668
712
929
557
721
449
105
262
319
463
496
248
494
141
289
513
519
84
460
28
553
514
607
694
755
671
522
862
630
18
22
305
831
810
707
511
471
343
211
650
172
956
576
407
293
559
45
897
426
950
731
842
352
807
701
882
755
622
972
186
57
931
963
649
689
330
442
357
362
896
318
305
845
718
659
748
725
477
611
232
65
446
203
901
945
78
391
612
687
288
495
460
613
91
928
413
623
137
946
411
132
786
493
476
6
696
139
184
807
693
38
744
674
818
233
886
26
294
421
778
412
221
482
282
156
220
961
736
701
209
24
897
875
118
761
798
680
325
201
980
487
849
602
353
92
174
352
115
622
198
973
72
798
409
177
709
999
409
504
897
544
673
727
507
550
262
190
703
78
515
390
933
873
999
289
736
524
489
810
606
986
530
643
319
292
421
82
49
327
981
156
823
939
762
912
791
908
675
870
987
144
750
992
775
603
758
395
863
433
83
549
476
986
899
438
648
824
793
216
492
37
716
592
307
369
997
719
612
97
53
556
288
827
635
915
812
176
447
630
854
976
384
709
844
637
378
528
423
29
813
600
843
564
814
715
286
723
986
510
946
941
538
951
315
421
690
64
64
980
665
374
381
482
768
9
640
408
316
114
640
23
61
856
869
752
429
490
517
367
226
663
146
371
88
725
860
42
925
303
512
692
635
99
50
892
790
44
905
106
351
165
494
165
852
8
212
637
630
365
174
577
708
687
754
191
265
515
49
663
660
931
141
566
676
566
198
858
775
916
754
791
364
236
189
679
849
70
103
947
204
2
677
279
856
293
926
282
53
498
748
482
2
694
99
297
58
581
379
292
449
967
462
264
772
142
477
277
216
295
648
674
651
472
797
92
944
341
402
521
600
746
363
529
834
347
687
968
814
412
584
692
419
947
488
996
466
941
936
542
281
144
812
608
314
409
456
711
726
52
627
986
371
422
690
112
810
277
826
826
372
391
296
291
244
767
761
860
441
147
474
29
483
878
754
819
15
425
441
25
698
195
401
940
120
694
252
541
309
369
23
406
524
91
54
608
408
521
710
867
653
100
98
663
873
650
318
135
193
32
292
951
35
269
888
736
980
678
284
169
821
212
621
506
882
377
599
741
849
315
249
0
646
190
127
7
177
580
250
25
631
464
630
751
398
229
253
163
68
340
327
169
862
953
112
739
36
180
222
409
728
397
503
142
615
325
70
715
116
611
739
171
165
537
113
870
569
183
829
165
828
158
993
557
677
693
2
256
81
372
213
571
690
655
60
958
35
971
566
541
826
148
306
856
8
231
289
144
905
427
882
451
583
745
429
433
494
4
745
554
886
118
446
92
512
267
440
152
918
27
570
504
192
15
696
394
294
851
78
426
952
282
301
505
465
675
252
58
12
549
580
738
575
690
144
426
678
289
778
265
479
5
347
680
32
849
734
249
345
93
10
505
321
479
198
146
0
318
727
267
696
23
345
583
316
515
79
902
607
268
51
524
41
210
398
505
19
864
817
155
708
153
765
931
334
161
25
369
492
710
920
975
50
86
97
951
41
707
682
982
947
983
762
218
282
557
66
923
949
6
167
397
380
475
178
964
600
567
27
98
273
187
370
174
430
918
311
990
194
310
389
255
130
762
997
213
266
209
741
139
839
975
280
196
539
601
104
780
428
558
465
879
817
351
175
188
629
599
237
188
163
164
642
561
55
281
107
67
21
268
545
537
882
549
73
614
134
709
468
205
66
767
421
440
232
242
302
359
344
993
455
27
383
824
418
254
801
604
558
909
733
205
650
896
607
452
292
838
78
313
826
180
544
240
701
300
398
662
587
8
208
708
796
264
352
204
876
968
547
806
199
54
470
810
357
548
492
286
631
722
670
651
364
590
770
283
665
131
559
395
300
914
917
600
790
621
387
443
363
662
521
515
553
933
75
731
316
444
659
318
610
516
981
286
45
800
654
448
870
579
645
845
578
809
361
842
69
648
403
427
446
836
947
726
33
695
370
341
712
258
344
344
192
817
73
307
522
712
856
709
196
650
312
324
986
188
627
191
332
884
102
437
119
191
192
629
721
689
481
512
192
135
601
557
70
488
408
797
324
280
221
46
827
974
1
134
881
852
22
540
370
249
692
143
602
139
691
950
649
75
15
856
443
84
991
16
432
379
154
179
828
72
232
966
365
890
835
445
294
740
463
29
278
534
745
488
278
748
630
46
544
856
658
318
975
958
635
129
544
610
160
260
967
99
370
375
15
425
15
119
652
296
767
543
84
183
205
66
35
952
711
565
342
43
343
867
36
444
240
554
165
453
121
673
293
15
464
818
808
790
827
515
134
41
193
812
586
317
208
812
196
773
30
558
304
276
114
200
425
276
239
958
449
902
221
326
149
54
816
588
220
632
967
411
463
405
911
558
325
268
862
9
566
740
90
621
573
468
479
558
786
953
751
159
89
663
226
970
210
415
66
955
96
813
960
584
271
481
124
833
326
542
962
227
709
441
532
609
658
74
727
132
72
917
870
972
973
21
517
388
543
231
991
599
250
901
2
944
535
504
962
684
148
593
418
608
579
849
257
110
902
182
334
651
456
958
642
986
785
421
635
818
585
41
723
950
208
965
461
239
26
677
615
697
824
236
379
248
860
210
406
820
978
997
626
116
943
248
930
363
469
476
483
746
653
133
748
894
337
795
26
967
458
415
178
701
1
549
635
74
148
863
712
452
240
519
855
841
57
889
58
480
151
922
750
942
436
999
206
31
189
26
626
226
637
142
476
71
408
655
146
586
881
625
816
374
5
700
357
969
192
828
694
367
778
733
526
123
408
786
970
562
217
102
641
472
750
226
472
285
526
417
240
142
207
478
785
87
953
541
914
273
273
886
851
170
93
768
11
703
123
293
477
161
95
309
646
541
490
226
713
484
73
731
630
644
862
944
319
704
252
432
801
228
462
754
601
826
979
901
613
400
510
819
411
911
245
733
992
784
698
996
869
993
162
991
235
193
735
842
107
691
557
316
587
907
238
692
387
124
919
556
677
618
601
804
101
488
187
799
577
418
339
103
653
785
481
38
720
945
109
29
200
974
575
737
856
566
358
318
714
363
971
178
527
892
486
244
136
116
296
356
758
794
271
884
496
579
898
609
944
670
514
260
152
950
965
828
112
830
366
120
281
520
774
144
993
497
260
868
905
675
276
819
688
724
477
791
284
829
150
609
533
929
400
581
205
982
39
307
752
688
381
245
612
460
492
301
286
446
31
164
448
477
911
544
368
544
353
296
619
725
974
686
518
104
268
285
751
243
669
911
896
231
255
670
935
166
996
731
65
300
951
47
780
300
729
77
15
450
830
315
933
473
256
349
1
676
447
155
156
938
387
402
702
700
652
102
71
898
828
788
786
469
14
312
617
653
376
286
490
562
820
820
629
158
576
481
531
477
62
194
429
189
92
533
540
479
117
772
234
569
113
352
146
563
190
519
709
415
511
963
680
353
474
572
32
214
932
145
508
696
780
630
45
270
692
560
514
402
337
628
159
800
218
690
0
231
775
620
540
733
19
647
504
811
394
74
395
981
256
324
262
272
790
615
69
285
904
224
303
284
561
976
56
783
173
647
748
672
602
135
204
5
846
908
428
353
946
934
437
959
725
804
925
552
347
885
718
841
698
926
856
929
271
872
954
52
517
272
422
868
889
748
422
355
138
313
665
903
497
850
294
996
162
817
872
913
527
213
38
475
886
242
384
427
347
981
995
400
437
449
60
584
866
580
302
758
167
963
54
932
145
997
961
398
663
678
127
680
8
209
945
403
786
974
760
77
43
411
365
949
989
185
183
424
386
672
851
480
268
337
931
950
748
550
982
954
239
927
146
254
77
979
205
740
346
703
955
361
360
345
235
97
295
928
494
398
814
427
905
324
853
135
400
427
831
450
337
121
884
312
642
840
414
103
786
252
706
546
5
539
865
263
499
706
582
848
816
899
801
203
144
304
781
253
437
471
181
504
430
974
134
328
673
853
883
19
150
108
480
776
751
157
971
729
776
403
161
552
47
65
566
939
319
579
442
21
293
936
511
705
698
611
125
98
616
574
980
686
398
404
232
531
77
264
362
701
14
409
154
799
466
90
351
239
787
295
735
755
910
533
802
592
919
767
742
116
175
658
553
493
182
706
639
831
60
407
116
187
235
567
805
504
175
9
17
170
532
888
388
893
966
572
975
55
608
355
774
10
725
52
58
719
781
975
281
937
535
694
534
888
415
793
997
893
200
883
178
367
642
977
678
960
929
408
946
810
476
45
261
867
250
436
32
665
674
955
249
982
863
818
706
607
19
259
647
72
515
775
225
36
756
490
61
294
343
177
619
901
492
125
329
353
486
348
463
54
591
44
553
488
888
154
467
401
219
616
998
682
736
953
361
705
610
853
122
115
519
135
968
907
916
563
666
104
907
598
893
994
146
195
861
420
49
773
241
443
654
578
309
105
368
142
1
431
144
568
901
398
990
157
782
844
493
392
854
419
570
414
436
318
793
75
589
639
266
283
578
499
477
392
6
918
718
523
582
924
280
863
569
915
893
196
697
233
335
388
391
19
275
227
5
37
313
757
762
668
166
920
518
144
782
49
203
825
633
51
577
174
36
996
94
816
48
226
425
324
100
975
838
381
34
758
213
28
987
409
636
92
732
661
706
152
904
61
832
807
164
770
100
164
321
216
307
85
336
198
408
798
223
331
216
919
709
37
768
83
873
383
728
87
627
185
298
525
856
480
433
889
509
534
2
10
630
90
905
180
909
256
68
630
630
128
668
926
688
677
296
76
444
501
202
7
275
821
487
575
288
93
243
451
776
186
145
144
284
565
685
625
586
140
147
157
574
649
312
574
374
771
262
858
550
204
474
944
673
341
612
374
519
592
138
22
232
248
901
135
439
21
656
473
448
246
329
120
268
640
888
427
815
140
254
908
544
406
256
605
145
581
540
914
326
724
166
941
678
502
701
51
574
498
774
685
883
505
838
854
368
427
746
402
190
134
132
961
565
417
487
787
427
194
45
752
152
525
682
551
194
883
751
893
836
126
780
702
278
920
809
32
63
901
581
786
170
44
401
368
559
181
884
611
938
668
14
567
555
58
799
660
822
8
882
908
237
540
54
432
670
831
571
527
165
44
52
516
446
634
933
918
543
837
55
783
226
368
575
44
796
891
416
669
71
586
922
251
905
902
107
554
427
720
601
437
541
250
301
629
634
643
332
282
807
268
541
618
952
289
666
272
967
505
565
77
166
245
195
287
990
561
237
887
961
98
298
844
158
200
164
280
394
728
270
221
330
555
572
7
558
992
688
389
754
676
305
599
476
241
555
754
966
711
36
121
495
53
961
910
153
356
671
708
719
164
918
500
546
235
63
670
207
58
743
822
379
86
971
485
828
345
740
813
807
505
744
578
250
505
670
145
76
180
948
229
724
692
16
873
469
964
351
314
741
588
685
783
541
126
442
968
987
301
198
509
336
588
479
3
607
409
179
466
478
183
623
392
821
715
333
949
708
659
299
783
777
688
336
291
853
463
41
750
52
787
771
73
31
399
290
931
152
96
462
596
202
236
91
445
584
177
638
962
54
903
288
969
9
78
579
349
595
766
427
616
516
190
804
461
354
200
365
806
945
866
738
879
443
175
492
747
884
242
656
462
32
628
25
580
385
207
928
501
906
832
104
467
605
599
169
217
933
423
42
677
194
165
229
72
233
141
722
352
259
741
617
635
437
531
852
584
414
375
540
319
70
986
202
625
550
960
524
828
157
764
459
465
363
117
602
8
116
625
625
330
172
983
316
645
431
626
946
622
445
799
926
45
335
736
499
311
745
608
125
137
849
268
567
828
772
277
720
527
967
119
139
507
643
418
789
816
213
647
591
258
724
230
942
811
180
665
773
182
363
364
701
25
29
693
613
102
933
206
871
428
810
792
804
793
492
265
30
642
722
386
396
21
904
154
902
48
316
390
558
991
484
573
672
162
503
714
842
362
451
848
168
422
291
671
179
421
964
532
983
794
662
648
801
467
636
644
870
58
239
891
53
805
642
618
339
518
779
188
820
716
660
798
983
758
595
710
179
258
983
845
660
9
268
526
301
768
891
187
309
987
204
801
407
41
53
836
135
603
286
684
581
485
720
843
891
699
183
418
179
461
877
182
129
744
24
353
265
942
833
156
990
533
105
869
257
54
733
164
499
791
370
618
601
306
479
991
600
722
194
15
300
967
816
849
409
118
47
98
732
471
670
297
572
773
620
517
551
571
317
914
134
814
78
612
124
374
562
953
986
238
955
773
221
936
286
500
428
956
656
455
897
331
269
127
809
116
360
186
704
822
299
199
631
659
953
501
175
626
451
51
641
149
966
831
670
928
16
217
79
232
128
915
230
474
669
75
91
558
994
417
638
297
394
424
968
50
384
369
526
354
163
74
701
166
292
59
706
247
204
105
561
661
558
257
801
371
246
376
618
609
489
529
132
759
965
626
251
826
556
264
474
178
213
825
4
529
262
948
4
18
560
4
477
406
171
661
719
439
169
218
308
680
757
694
536
639
753
339
281
36
474
270
613
934
578
142
239
714
808
658
672
811
669
568
981
417
850
972
524
288
58
680
785
394
197
729
797
159
13
638
231
866
583
869
745
384
546
812
456
772
284
263
754
139
381
920
52
59
604
871
516
806
109
212
792
693
241
836
853
92
723
481
655
906
68
152
409
966
530
944
106
462
479
559
645
205
999
655
808
850
487
881
778
894
65
889
318
69
502
566
772
594
810
865
514
339
551
28
496
355
622
934
610
382
684
448
113
764
945
650
198
157
743
743
35
924
886
356
567
618
214
245
287
101
123
105
110
431
4
340
220
835
760
954
34
730
781
865
41
821
323
681
634
645
179
156
422
767
824
65
20
582
215
718
96
220
595
960
98
643
558
284
827
478
948
474
121
762
188
395
770
696
401
332
437
716
819
81
154
648
550
888
23
685
839
88
727
661
45
989
544
285
130
133
676
949
889
544
508
149
122
380
804
71
646
139
541
299
896
670
106
360
315
944
505
432
432
777
487
530
671
635
864
643
9
797
356
492
113
83
857
507
733
456
248
697
495
848
277
296
157
640
480
507
959
482
425
205
458
558
240
699
483
80
276
108
813
402
467
767
232
958
560
115
461
739
717
75
143
561
477
578
838
462
894
587
143
464
109
208
950
403
880
681
980
704
660
229
487
522
871
468
79
28
447
73
427
659
368
349
830
343
915
223
98
880
263
949
755
984
115
678
307
180
409
372
505
369
409
715
982
801
482
269
291
778
717
456
23
65
109
268
39
879
318
440
421
904
445
871
71
4
483
770
892
348
651
211
979
297
451
999
635
142
537
501
810
769
316
445
396
916
287
78
214
408
163
534
609
59
865
785
802
338
430
369
774
920
874
368
642
291
179
530
226
243
826
685
372
580
742
278
464
112
98
346
914
65
224
833
476
905
108
846
872
182
169
961
525
127
391
177
917
12
400
519
242
638
801
994
552
789
795
549
227
581
325
747
838
768
644
746
10
781
687
96
277
729
647
164
610
858
475
981
847
831
933
940
222
207
107
14
606
988
939
749
839
321
568
584
479
173
103
32
849
161
680
847
733
220
542
368
921
246
208
913
443
985
265
349
531
268
489
547
852
80
137
656
13
470
337
810
939
965
249
199
331
311
258
323
830
310
863
582
672
884
462
246
817
119
544
151
25
662
881
496
594
50
742
330
149
98
754
246
579
364
769
377
466
738
595
39
822
799
828
468
564
457
854
450
246
117
235
111
515
245
318
372
816
122
958
884
125
392
709
439
211
902
701
787
333
540
318
573
383
592
732
325
851
340
267
846
520
773
866
485
323
432
537
380
929
538
546
318
48
403
580
104
696
476
430
836
17
654
580
587
835
241
618
414
839
979
958
999
940
325
376
825
935
151
128
394
299
551
815
76
819
52
834
840
626
917
759
342
156
974
236
820
964
779
708
190
448
649
434
901
41
348
347
258
733
754
271
275
103
326
520
924
718
426
876
40
302
540
841
35
116
510
888
951
157
667
108
265
973
312
910
583
422
511
80
562
767
324
299
393
956
937
509
324
248
197
433
498
572
413
36
8
613
29
757
664
189
942
425
189
346
625
802
878
666
632
525
842
720
703
263
289
653
810
482
538
997
79
738
103
467
952
47
856
556
4
426
152
236
269
975
941
8
279
656
269
930
316
410
154
918
31
225
346
921
193
210
255
501
146
519
943
728
87
300
70
971
644
946
150
688
250
523
593
874
205
571
898
452
203
4
762
994
288
21
810
963
282
321
428
877
42
749
123
914
98
880
835
675
627
334
809
31
277
232
266
315
241
268
127
269
569
627
856
767
165
475
585
415
102
356
183
942
442
316
540
21
83
785
531
232
987
43
925
906
480
167
652
913
550
652
623
256
384
892
724
262
843
529
705
85
588
705
138
2
784
175
175
407
424
267
807
609
313
524
100
368
195
654
283
819
181
235
140
705
205
291
635
6
770
939
307
389
51
507
979
794
852
552
432
230
756
702
440
16
705
827
126
6
712
810
33
259
996
185
552
192
676
342
579
741
242
150
788
484
447
624
727
991
100
993
100
865
839
108
811
735
741
424
392
575
175
176
313
779
342
1
699
922
802
297
356
281
183
56
966
268
611
643
912
285
188
223
11
451
894
280
835
342
578
606
914
318
237
523
522
913
268
87
312
49
798
891
607
433
868
56
709
75
752
596
126
381
82
69
925
618
811
469
56
556
205
430
258
313
872
422
431
735
349
571
45
173
88
278
692
671
754
363
442
571
533
273
822
250
754
832
823
626
767
987
406
2
675
713
600
314
17
982
821
150
273
472
827
242
270
333
694
76
535
756
536
868
254
997
857
478
436
893
866
318
631
819
950
987
886
972
541
429
836
430
343
50
148
924
379
647
337
500
296
761
795
594
148
279
982
808
596
339
936
44
292
698
968
895
25
770
785
473
573
178
79
269
329
641
85
383
113
956
82
966
455
246
756
1
498
961
320
304
917
815
230
895
850
389
673
659
264
40
960
441
290
891
391
33
510
671
22
243
671
434
163
576
641
832
480
558
829
29
583
676
648
330
113
581
441
943
148
224
268
287
489
842
837
782
626
992
931
487
536
614
381
207
994
6
137
839
458
910
964
567
927
712
378
902
667
706
108
392
612
899
133
275
968
186
748
12
175
857
312
379
902
646
575
152
160
752
833
655
966
81
156
743
858
682
924
977
654
893
706
467
996
44
136
41
413
308
790
910
624
951
237
477
448
938
842
207
562
669
563
351
696
146
560
608
408
539
704
834
157
528
552
412
773
672
28
148
140
776
393
705
734
795
867
916
460
369
937
580
824
788
690
132
924
931
498
352
622
622
889
974
750
346
686
581
565
790
209
186
612
550
639
678
600
0
389
808
447
950
58
321
704
944
27
786
897
585
703
298
415
399
372
263
238
672
626
473
840
134
217
440
184
955
391
827
678
350
776
317
939
576
294
381
579
232
541
90
68
593
593
586
99
289
566
725
455
921
160
223
26
93
870
953
680
293
855
822
350
528
202
136
955
25
80
456
611
838
779
839
223
980
130
567
99
502
53
727
830
223
682
393
846
152
696
608
24
559
766
53
69
139
216
610
518
33
602
259
780
371
876
190
82
943
221
141
997
466
199
332
647
924
114
545
389
221
620
742
279
766
459
400
814
226
61
281
153
619
566
129
670
23
195
104
579
819
255
596
941
976
125
557
946
428
727
361
87
842
985
867
758
868
925
526
282
722
57
105
294
986
673
819
177
883
5
615
183
431
894
685
585
790
225
714
888
643
585
294
277
235
821
721
283
319
651
807
911
896
938
767
802
65
626
811
803
706
563
525
828
781
620
368
80
134
896
115
503
964
425
540
424
823
343
719
660
889
551
635
979
5
673
669
73
200
482
626
774
993
387
626
818
914
579
714
538
301
784
508
383
407
707
400
594
898
470
97
702
471
106
79
243
826
295
159
977
48
335
630
127
939
833
307
404
691
126
544
645
360
794
45
523
29
168
393
38
305
960
934
138
597
279
968
227
804
106
799
570
792
378
184
41
820
687
538
825
257
788
337
682
537
700
917
708
417
705
920
79
832
318
225
820
378
586
229
179
692
798
660
918
763
20
39
966
200
386
208
257
353
71
510
617
528
818
785
311
808
537
971
32
774
861
387
668
618
590
87
187
346
329
822
667
553
770
16
203
878
792
23
791
556
889
806
823
864
152
281
119
86
590
35
282
429
571
954
492
194
411
707
28
853
817
572
717
111
612
954
91
874
981
702
294
588
449
440
401
789
647
210
525
241
993
671
90
698
235
738
831
234
432
202
825
723
35
980
728
894
525
885
233
458
546
454
767
422
847
67
278
453
231
358
861
389
90
107
248
778
663
955
294
452
312
705
807
698
623
738
816
992
211
16
481
26
513
50
901
574
373
471
303
724
548
129
947
524
83
435
118
873
659
283
186
686
218
550
594
149
472
407
663
436
98
246
709
489
246
631
172
257
467
268
309
938
140
820
872
666
254
873
281
816
986
206
766
448
910
770
716
486
865
699
689
969
194
795
904
335
398
261
212
371
280
776
513
608
486
476
666
686
129
760
115
33
72
806
889
175
951
449
592
75
162
509
53
580
932
76
67
895
37
380
976
635
976
435
162
831
7
100
652
109
537
775
440
795
702
507
505
764
881
78
187
176
44
747
700
149
227
600
325
653
789
577
934
548
515
137
222
689
23
822
163
777
228
423
152
648
254
297
815
649
95
382
552
883
456
265
556
153
677
620
779
265
179
648
290
680
528
765
604
935
14
71
658
753
142
74
879
959
557
429
479
785
663
865
661
323
733
491
635
994
782
767
378
180
481
304
501
705
958
493
341
710
226
80
192
554
88
448
717
739
903
483
503
349
995
752
166
248
559
181
180
654
243
396
333
360
970
709
147
216
227
828
207
341
0
989
911
886
673
65
145
994
896
424
399
796
488
623
941
548
184
685
204
544
342
311
539
509
789
766
723
292
864
125
131
940
464
613
6
581
999
144
935
423
243
281
889
445
723
898
165
721
976
497
262
384
856
390
982
969
890
568
374
417
75
565
966
297
994
187
155
108
412
679
73
878
385
533
695
603
680
262
132
720
304
338
663
911
469
811
436
663
801
222
76
920
811
610
222
886
294
589
439
80
199
197
257
288
418
943
261
656
597
290
37
559
263
275
999
120
739
858
297
898
988
60
384
685
50
523
410
229
616
4
233
609
205
218
37
961
342
380
134
270
104
750
323
905
695
981
83
205
204
229
619
350
83
859
600
369
859
990
110
358
607
19
161
766
445
665
702
167
789
443
894
224
840
727
447
304
264
136
951
847
948
690
57
130
722
855
929
40
138
258
335
459
708
111
463
934
550
223
495
738
58
748
859
455
777
610
956
642
460
415
324
759
96
395
361
42
829
208
781
799
639
729
478
725
716
338
25
827
22
946
448
190
904
512
944
86
416
819
35
166
720
522
8
554
843
107
384
889
572
159
362
827
91
614
496
18
508
103
335
811
242
322
878
624
387
101
399
229
60
405
53
100
101
91
647
148
283
967
721
642
339
414
796
232
676
357
818
442
821
367
186
75
271
584
989
311
616
187
758
500
109
154
915
329
440
966
846
512
427
489
937
115
713
252
915
987
769
997
800
554
506
541
817
458
782
38
418
325
797
336
943
597
686
314
160
179
913
568
701
129
753
492
281
197
806
183
123
898
410
816
855
529
761
181
11
704
614
141
916
839
355
812
110
514
452
199
202
875
123
326
713
714
335
440
601
609
357
763
66
821
251
60
170
117
845
773
935
482
286
685
937
265
449
453
189
596
288
490
411
622
491
773
635
622
650
260
405
485
723
482
267
887
283
379
622
975
910
246
538
769
437
294
352
392
145
175
954
177
523
718
30
893
462
666
274
595
334
717
352
923
694
419
351
526
168
583
383
274
45
845
352
629
928
342
320
961
535
463
900
122
463
815
346
892
162
501
163
691
179
910
124
581
602
431
444
951
810
367
287
297
185
125
955
902
314
302
604
262
295
569
440
965
403
264
804
176
267
940
66
37
164
811
5
519
967
166
672
351
634
759
994
912
420
741
157
1
875
360
359
391
864
178
11
347
547
638
465
156
206
70
945
5
954
492
528
195
664
942
775
490
512
292
416
927
75
424
528
45
178
228
832
222
591
147
446
888
439
789
36
446
604
615
306
975
810
749
687
42
986
27
295
920
526
668
946
394
73
252
217
258
438
737
45
452
477
348
277
112
924
852
599
307
683
873
16
602
537
943
886
136
800
989
236
402
225
847
78
402
73
293
391
300
247
752
533
868
302
592
373
224
346
162
878
521
737
557
972
737
641
448
318
453
172
178
610
687
901
618
829
495
251
974
165
498
953
86
395
943
485
770
807
403
655
583
631
628
576
427
825
244
974
69
201
946
675
993
447
90
21
398
943
812
899
38
511
965
422
42
382
900
34
410
595
230
818
397
279
503
455
687
570
128
750
825
614
100
81
185
725
799
516
984
527
376
609
894
598
887
410
859
956
320
295
682
917
21
615
50
812
705
177
204
347
457
715
749
783
970
14
662
494
950
232
225
941
676
12
237
49
302
247
695
771
