69616
19947
75900
40223
64808
2920
9111
15245
11619
8701
60175
32333
45878
71723
83999
17550
48248
80035
7156
3921
25513
88947
1047
15106
64843
82132
58840
23645
44612
72639
43969
73297
70731
56966
10393
32973
27728
42877
29232
30492
27822
46154
30645
94116
37023
7917
55373
64729
32143
46409
92037
14379
17335
16223
38608
17839
2153
29288
59099
85352
71122
82573
8275
17701
5529
74554
43514
7896
24871
65758
47667
62961
22162
372
80195
3219
50830
66519
98149
91209
53442
77541
6116
35302
32198
1722
8436
36571
81799
19466
83851
63578
83895
30700
9584
7595
99132
45615
40209
43704
96796
76385
2737
84525
22851
76100
89211
16419
75797
36020
62973
96463
84018
83517
27437
26654
53599
43223
45012
14709
13416
69576
5524
606
18764
91037
98650
47955
70217
19696
52540
38279
36
60511
3250
66890
4485
54532
81980
64554
30840
35731
42940
49340
91675
84003
66816
72767
63506
35770
36461
12727
58787
72319
40828
39162
93890
71405
50188
91288
6800
86299
87432
48194
14242
82278
51661
9074
1064
34135
83610
7314
73055
46815
26948
20778
27861
29064
51076
28909
66516
85187
68217
99095
94595
87045
88026
99412
49755
56077
79973
42858
87850
70480
71142
23108
3462
5527
46378
60817
81596
37622
88549
54812
54464
95291
61837
91426
92429
93467
97971
18560
14150
61770
64179
55325
79765
42449
53809
76426
44543
6248
19723
77999
16042
66125
90670
5642
2887
24345
77976
21945
29738
11169
13484
9427
46328
34203
13389
69915
75949
56269
79503
55533
41753
31490
64572
96330
94398
28435
8022
70452
74575
47656
48653
23987
56906
28640
52853
36933
27296
84558
53940
24843
93307
28241
26812
41434
80041
87885
7272
67465
75853
43428
78235
16851
23093
643
49244
31338
75182
94119
18218
4166
20702
31894
20124
69401
72316
29140
16381
45294
81409
44734
61872
68887
8444
32994
33887
79035
77176
6465
12468
52135
55236
93075
46636
88702
90998
83461
93873
8959
56632
99726
19840
23427
75202
37402
84855
71590
21993
86445
11900
95714
35894
55221
7113
65348
953
48999
60854
7073
37832
89293
62872
88272
21630
64752
65211
60631
38810
28721
29507
56412
36916
2259
15983
15762
4660
5460
89912
12116
39385
45615
81151
59100
56206
27894
38285
27476
68803
69142
49042
99477
85692
20294
29451
81171
78987
27354
10644
11854
67710
21775
37633
39281
33776
3863
19818
25416
74340
14745
41360
95523
88779
78718
77960
48076
32883
41766
8916
92004
89960
36544
6465
1380
90400
25155
23521
37610
46466
75314
87342
32497
31222
91336
89432
1181
40611
4998
69226
91392
44645
71137
75751
16217
45044
16887
32652
26820
50096
24331
3560
68127
77221
19459
64978
92312
23022
89654
17102
27606
42606
4000
24105
9962
76548
48759
87979
68202
31157
37387
70964
94276
93264
28928
9133
57804
84918
34006
51273
49979
56099
5521
63155
35924
60374
8462
75077
21621
32105
19601
50856
9335
20578
62720
35386
15575
6103
37424
57165
36281
35691
68928
95041
52559
53278
58190
55420
45556
92367
20728
40053
61526
20270
62045
28732
42914
85171
17894
92612
37408
61035
32071
56607
64926
55911
20677
65808
69794
12186
71992
27374
54866
66472
27829
67975
22303
37349
72959
9751
27519
69382
6060
28267
29749
6310
61799
65330
56157
95926
69805
17869
30702
17135
86182
64087
7326
45412
34392
2301
87886
61873
65061
32946
46206
33516
91519
23351
56454
33227
62249
56325
87931
44813
244
92025
20546
17653
8584
98717
15574
40710
86364
37317
30905
38054
3724
43657
17328
82275
32695
34122
21479
12643
62082
69157
86464
8595
56488
93808
88959
26854
91784
56935
23710
97183
86559
90624
99652
72870
76103
12503
23673
97966
3739
6565
16668
7432
62824
89834
19767
6992
39860
39297
56704
13813
52647
51364
30534
15912
69773
94185
61768
91201
75627
17809
59064
82690
73997
42874
80173
66960
37762
33778
12553
75396
85802
78459
29912
25738
6303
14750
91138
13969
58640
8756
92927
26267
35985
49073
42720
3049
18672
20519
41892
25778
50018
33679
45612
51940
51065
25612
49249
63185
7432
50027
76463
20491
35827
35625
42355
23938
32416
68635
76971
27827
87561
34190
59633
79002
6111
64437
56793
59230
35035
31763
67481
20168
9094
73393
90195
75590
5814
43004
73589
80176
46223
6142
83445
38866
30653
67394
7361
61872
38775
72439
31932
99028
93096
44070
37209
51176
25273
66455
36903
52802
41224
91659
56495
91009
80673
73143
60315
2320
37608
37514
23191
34759
91699
78065
76749
10559
95290
39226
29512
70821
62064
11295
54870
17047
24335
80529
34573
82970
54306
44534
51971
92992
53318
9518
35492
7501
63961
67849
22017
95636
8387
86622
41987
55326
29655
41454
96395
1324
349
39949
71917
27350
96870
74092
73823
25984
96977
20934
92335
4095
38589
63102
25583
32096
563
55359
40400
44781
87290
61658
51579
23818
91383
32892
3778
95864
53719
88393
39559
40887
12987
71781
49807
44185
93333
41053
33403
56074
45547
68599
64491
664
54125
78428
80584
79375
88246
61887
64097
1432
61027
69674
90389
12937
25812
94577
82133
74119
83110
23246
60822
64523
85207
11789
72692
20319
3834
94382
4164
90644
68025
87996
94567
33868
76948
12174
29435
25198
78570
30285
31500
87524
12358
35147
32586
68626
81991
38601
19256
24396
34991
34860
20169
51156
81659
70712
62468
93849
87833
55557
95554
31664
63916
52257
16655
36083
94046
74981
74227
32061
84030
44282
84017
42675
82199
86976
85680
57528
3450
67354
18897
12455
63394
59282
35139
11920
1911
3598
68076
50453
80493
51289
31122
22001
99868
25193
68410
58241
91071
39037
47847
87767
69595
34456
96600
3465
46527
36622
13924
56549
42331
64637
33191
73304
35099
67993
42125
1375
16348
69095
66556
90735
68339
54279
97361
87234
45321
1876
74203
16277
16771
84006
82114
43075
94065
75290
71385
8729
65059
78141
23792
20633
40186
55326
86904
67933
1049
20290
87851
661
17736
53313
5989
45423
1261
64646
48877
28962
61124
33178
25074
91973
10108
48024
69541
49100
47423
60321
68174
78969
92064
67968
32822
41551
62809
63180
66152
21436
11110
71253
94408
2024
47056
37613
85891
84454
33345
59003
45078
47394
40293
91854
47134
12901
94870
86817
74030
54454
65515
77764
8359
48728
10194
52857
34608
83889
97060
74523
1487
48357
30541
95882
4638
72684
80494
42887
71262
63706
18857
80636
63076
90629
4770
33570
11367
9095
6222
60053
84038
38508
8228
89470
13957
57445
69032
5910
33603
29651
81477
2820
82219
6378
51344
34320
1099
32083
54966
62205
92543
57596
14848
35395
59826
34557
2485
41406
43771
7490
40832
13703
42548
24110
26426
14033
18543
39735
35547
67871
72358
79748
91972
69205
56930
39598
25387
64099
154
37006
6757
13638
62105
94878
41298
76885
71653
90275
41002
69084
43881
42801
8287
65734
92442
69322
24165
7263
35961
88729
33195
42237
80892
31461
13997
41571
16318
8113
44965
72854
23783
27085
23768
93896
16430
57002
10326
7816
9072
31542
32948
37350
69187
77169
20036
66743
29811
84899
62593
32302
70325
5090
39909
99972
29873
98129
42149
17917
70071
42597
39248
52412
76845
99215
24324
28081
42730
88030
7055
76956
24562
11771
7929
39853
61351
27542
44135
39859
44847
40777
5305
77880
83672
59078
66685
44906
77300
76635
64272
99229
31773
27881
79860
30670
69743
87508
35121
48758
20208
53413
779
40661
26782
44860
54584
44425
60308
50283
87626
20433
1397
64234
10280
49281
58847
35094
44586
64699
30011
81137
69174
32669
89089
14639
73215
97814
63958
66637
4248
3679
49629
96695
27729
58456
2178
96890
80728
67085
57361
86055
24757
95694
80314
70342
81880
8416
67255
80844
20549
50155
17964
98283
79382
33090
36221
67028
89005
47646
68106
71720
36303
94265
33896
18702
58278
24503
81225
78144
12596
89168
76195
58347
12227
9280
5499
47294
20179
71106
25388
31535
87989
72615
94752
13113
85730
69825
30836
90829
76650
4046
6987
97133
80959
65320
69298
15228
27978
61734
84471
46640
70621
31022
17543
45874
29519
2394
9340
24037
51187
11289
80176
81281
10515
8755
93112
56595
56203
29938
24741
13839
34847
35812
37259
84337
679
99741
82425
80366
17897
58705
88595
37417
64436
22963
71770
46391
23945
14003
75673
13219
60121
83220
50629
4076
18490
27496
7479
35792
42065
27189
1092
98335
38063
97577
25721
4443
21582
27958
63681
48596
69290
39022
55343
66169
19548
7982
6489
53206
77251
58996
90089
80801
87734
47058
27475
43637
7124
41546
53673
46649
51584
78184
47667
4854
86377
15751
62526
55546
11762
96303
47448
65275
57785
44259
54347
49847
67706
85444
75254
17420
18293
80905
23192
21412
32512
27398
6435
25296
7394
18327
27812
88791
56725
75824
46958
53125
44153
41107
59320
44844
31256
87532
87367
6380
65657
58693
37198
33474
79837
29434
93262
24129
59776
27525
4373
20530
30456
29301
3938
1033
56720
68624
63506
74657
39520
95036
81074
41807
66740
8859
22809
4394
88579
4806
31429
19086
90071
74992
69553
72379
74480
65308
37221
1188
14366
30811
4680
32236
65447
82527
61728
45939
86127
35923
42239
90086
39948
87281
98291
96365
45584
62759
46322
27696
78316
12321
72204
19319
62958
4790
39225
16588
29812
99262
70359
61972
71694
69548
28470
86403
28652
18144
7463
72310
10186
44468
69669
40842
75411
28901
8279
6693
63911
48001
72100
35864
33234
76042
6673
80752
36265
70805
67412
52457
4711
84908
96021
658
20704
63449
84152
86427
26039
73854
5709
19534
8661
5176
51516
62672
64466
87351
1460
21101
46500
6164
61212
18783
41490
26625
4175
17302
91023
36700
69411
75351
71834
48210
39068
99380
57703
75942
51024
4146
91447
91756
5952
60761
66837
74115
52887
35146
20632
38585
47458
82211
77368
80143
17686
21334
60322
41056
30301
93388
90874
13741
57795
26204
42352
34876
57822
11860
90701
4306
32182
49887
28502
58977
37296
7662
51191
92330
78075
29286
89754
96825
51187
37152
63077
30089
54974
57920
37570
97420
7004
71337
50090
27468
29282
86818
1444
91164
76502
12823
68164
48439
4651
94073
41417
64506
48212
9706
26552
90303
21339
21642
27449
66013
92314
8262
5198
11575
66961
9751
69693
75938
69583
68295
70650
80570
96973
60472
9629
62679
68698
82639
87436
70751
58333
83895
23026
18938
9859
9715
9643
56496
82103
51551
18303
26703
92883
79181
79241
89393
21446
39997
37757
27294
84428
10476
40139
86211
5976
60411
63169
78681
98625
65185
83419
22790
47856
15245
28907
22549
97792
40165
52558
78191
92276
16773
12247
92162
63751
4530
12348
47957
46497
68821
82186
48664
53370
98719
45917
13691
89034
76580
42585
38110
77049
8688
94923
69752
13978
73891
29342
55508
15497
53695
86472
30624
70812
80589
40872
3652
40277
72082
85861
91651
49457
5479
33707
16624
97247
4019
31915
59239
46999
47223
30561
52347
32953
93020
61646
72999
49475
15756
8721
53233
98469
71989
30407
92353
39011
92049
52602
15228
7099
40422
6445
19267
85065
61576
88315
32627
82271
34012
73340
17821
9815
94469
77345
4759
65015
59012
57254
81625
4023
46755
59936
33745
80664
58111
52449
382
75860
50243
60445
19374
10039
383
69544
18345
82145
44171
30005
57961
78287
19926
67286
44785
32357
96123
76277
15299
74987
29874
66266
66811
45958
68467
46302
76681
71278
12778
63040
94090
77188
45781
98435
39
66915
43599
91554
82327
73572
72643
15477
43022
75230
31290
14056
28935
50082
29698
71918
69893
12772
89162
69199
43657
77244
92538
69605
97669
46102
31695
40527
17206
59801
33510
52437
22641
72389
14963
44304
844
73169
30265
10131
73156
96572
22293
35669
98531
10794
63936
51319
34751
87432
91276
2145
86569
13314
42850
70455
57567
73898
70291
34764
35177
19927
70399
35095
8424
74836
14251
58823
87058
52462
42127
50399
97370
21494
57894
32609
19479
67392
57609
49961
27841
59175
88366
34960
5934
52624
47977
98740
94515
65404
48580
82951
69045
40531
33978
95729
68598
57075
21696
95532
74634
49703
18387
22107
79686
30945
30651
15726
86199
53628
7649
6248
54330
19691
92236
35418
63702
62321
1271
58772
88320
3034
69969
69329
79985
67014
71638
46021
99220
78520
56663
81040
13028
40178
1673
48400
45264
35094
40495
85821
80815
76417
87638
81710
90229
85022
9972
82354
99185
43137
80513
75086
70640
23511
1676
17702
51709
70484
37396
39003
69466
7595
24002
88628
66050
92220
43356
85735
5055
27541
43508
24454
72534
85827
30335
74194
83742
56470
38886
5776
58477
82728
67349
63839
434
90039
14857
18406
25376
65436
69574
22828
84378
95108
7893
51643
64963
26132
68133
84178
55534
5198
97624
36013
46829
32869
12156
26232
30221
47816
89034
15101
26780
71789
44364
57434
14459
128
47578
34817
4045
54761
41821
94841
14193
36420
98089
43163
81933
32328
12357
17663
49548
1702
13750
21189
15548
52075
89017
80635
52350
62891
70265
67932
73831
82104
40875
9671
14337
41176
15697
16927
64848
28808
64163
28552
45149
85236
90132
44159
96766
30648
41866
4853
19861
53748
47312
91442
8175
12204
15368
68477
35020
85916
91555
14756
96487
24626
30216
9765
46891
12932
93180
50724
65183
89223
29684
41700
28334
65305
43418
74057
23033
40755
27384
97870
8502
34891
38072
84317
16427
7293
89488
32394
13983
41211
86200
12347
1900
11320
87345
92751
98624
21884
90044
45461
67699
96714
62980
93183
51743
11606
71117
58754
32059
93918
36105
67064
39371
58637
85368
35335
57795
21766
8388
27637
42105
98957
53203
54398
60947
86442
42467
49173
96229
98157
34936
3416
43905
56322
34924
3337
12184
53711
10220
32944
71688
93549
94850
82225
10299
87041
3132
97504
1850
53324
58684
75243
18249
69662
66071
64437
92135
27389
48044
83405
6139
48988
41620
55367
74294
69453
6031
74932
66417
18038
9114
86106
42111
2097
75145
33573
30829
64975
55869
46000
84787
32116
68135
16549
30437
86160
54584
16291
48451
52319
40154
54045
57218
87353
22273
2077
26932
40901
90189
97632
93842
8028
88867
80106
19731
92611
67747
25799
53029
84150
57493
65869
85295
33679
41467
30146
38917
39513
56446
1769
25717
15177
98455
50007
82158
73550
37388
32465
62712
34802
83007
67001
4665
5301
53138
32474
75281
89321
10503
18744
74452
96929
49248
7295
61677
18994
10786
46876
57998
83243
29354
28504
8651
99339
94456
55587
28871
89825
57046
43942
59230
42317
63800
67941
96129
64950
94175
33355
47375
68268
8798
45005
76878
96978
31268
52473
90357
4763
26597
54931
3514
17243
88722
26049
38283
20391
17198
37845
25880
19195
28788
79880
13117
83932
30333
65327
99151
53406
42061
23568
18579
45945
34339
14401
8430
94921
74821
3396
81887
46090
87499
98937
54953
65682
2129
25027
88647
51307
14728
73591
15576
27555
98519
28199
37225
1303
47956
41344
63181
29913
27031
37700
39810
65783
10058
99861
82535
62862
20333
92883
37473
23382
8561
50312
79151
46216
65370
40564
94544
71119
72936
7345
74775
91325
11721
14960
57998
51699
20541
36920
1766
83336
91578
29216
33077
40595
64535
31166
31578
67092
97428
25338
70602
38095
85884
5661
77683
6142
36114
6850
8722
68643
98030
38545
78753
31902
7849
75330
8288
27813
5875
92820
2636
13597
88409
87288
61289
73196
41615
91711
24232
57529
66884
41691
26234
90772
14502
88102
82421
60273
65117
48987
80276
83125
69324
17668
42885
41554
83730
17007
70490
18918
16947
64329
55996
44277
64755
88672
41270
77174
1000
54481
18142
68988
13614
69925
35040
27621
71996
51874
42338
80535
42573
36707
92687
76099
16614
97914
61342
24241
94067
9724
30606
9628
39387
10138
40095
33683
90945
71807
88398
51539
55491
20776
91630
56203
77515
10969
44229
589
34253
64935
12385
91638
86910
37885
15237
84029
42108
5403
91983
95093
34255
13736
82839
95636
99697
87100
10259
11871
17055
23337
21691
22931
46169
22880
34211
2200
46254
43570
29702
66991
92139
1787
12121
68561
19948
66078
68393
95618
68502
4797
68181
57854
1845
81308
76527
55759
77217
45792
60597
37926
68477
53532
27934
57769
92616
67727
99473
2211
29045
83415
96720
53531
46392
77214
79615
10919
43901
5870
15524
3189
41586
2645
22871
82174
72447
67835
47120
17829
37670
70061
80196
19126
16713
35013
8328
92923
50872
50525
36839
65546
21134
91679
96303
40701
9134
38503
44183
615
9672
72525
41026
60055
41479
14357
52407
31755
43078
25239
17828
53215
51510
10127
50746
34910
59630
94155
40189
84787
14293
94744
14107
46720
93709
215
60035
21861
41065
54527
29970
4758
41200
118
94872
14943
86315
38240
69152
44707
37510
44340
87141
80122
55633
35954
7916
45963
19280
3067
85540
92725
54957
58754
47592
99919
49771
57095
19149
11807
92783
98554
48446
25510
45115
64577
97438
45904
76264
92798
63841
78927
42080
24662
27340
83655
25666
85361
98273
1636
26148
58998
44390
50306
87719
45790
30620
76447
81757
55249
81862
31507
17747
58257
34651
63512
24477
34425
95257
36910
90841
2300
91892
95191
66762
63361
63686
18479
80251
6298
4983
39382
37306
23348
84877
32684
73592
21695
55306
74976
20258
2904
30912
95602
44554
20829
97249
94093
23156
80625
22259
8398
47572
36257
40598
85818
6009
96788
84830
61787
76031
26053
43763
15088
64391
54706
96272
96527
75777
73913
96352
79081
54231
54336
34319
22856
1139
4740
48361
17482
23422
5095
55823
4622
99323
34396
74140
70364
73383
97047
19096
2847
90498
90460
40360
42362
25430
51950
50529
1023
95812
74528
41274
58284
15107
17300
18364
17908
18512
17017
74114
96777
92906
31720
54652
99251
9659
3409
98992
64151
15245
71824
42277
39032
11378
89600
36457
77020
13969
3527
82280
12716
52384
45710
84401
20764
19023
25557
56912
79103
20106
13490
30740
25554
62451
98970
51542
22230
56765
16583
89867
15109
99088
38521
2730
2988
93587
31399
87227
53454
71997
45327
29520
29285
23630
17146
82282
16849
78387
74209
98553
90693
53370
47874
1988
74387
26569
73663
49680
65529
85790
75124
1328
77487
87142
10188
97102
96589
40564
76963
61454
40228
69895
47995
41481
18898
95705
24915
24021
24164
40966
94040
83191
26918
75164
36734
96412
43060
45978
69680
19711
86048
97532
64314
38364
64616
781
60778
28829
85174
74065
53117
45243
61426
80474
14025
75127
62333
37404
54570
60476
78316
70613
23707
71167
22169
66372
29325
95529
25706
26267
16249
86247
64236
69153
5300
26228
47044
58905
67553
93140
2702
52386
99079
52512
55367
47261
1298
91578
41824
47606
82952
87426
20481
26599
43758
30303
66301
35859
32288
87619
98693
95776
82762
50895
39823
96278
43426
77058
74230
36117
16225
13107
19372
75555
79741
93451
13707
1101
15229
79558
1167
23952
19425
71052
52663
33169
14580
58895
437
85570
15705
18554
7716
49744
76477
9640
27104
72551
57841
49185
99914
86919
80785
56920
3976
47227
75205
3587
90161
8451
89099
10112
17934
29242
84503
61903
37889
10098
72780
65113
44950
41193
39591
27016
19837
71867
79826
91726
25465
57264
43422
23050
51848
51598
16792
82629
45318
41198
61897
51749
56723
39412
70951
81808
12783
28340
19378
80284
63323
50683
11211
81992
46598
46684
2570
30860
99558
11297
49054
41953
18184
51182
89087
68771
49861
24314
22810
60838
65017
40284
80017
90275
49985
71785
19733
29866
96121
8868
59851
7505
23072
71146
67352
33103
73590
29862
67361
9201
29430
13826
30203
57213
45596
51188
89929
20265
32064
18968
41802
44823
30281
10964
12967
14647
85684
49834
8450
4471
44043
92945
19225
97879
28818
26818
65876
97529
45256
94569
26486
83858
4377
60906
90158
94635
38296
63556
3707
12220
40336
17472
76735
1482
47873
96596
1122
60444
59454
47615
26772
54941
60823
55609
93095
65080
20589
2795
98830
61546
71970
39862
4289
78799
43322
42677
38255
71690
58649
4406
88631
2397
18904
18273
24221
51080
58720
63188
5638
6640
51703
19205
42915
82157
79138
31035
19550
85644
74363
47213
59697
32128
18012
84051
19113
26352
52803
2121
67991
2041
48220
75567
41633
66184
78238
69843
82286
69521
94652
14509
88813
71847
52530
29940
42091
98640
90557
90186
27079
48812
61585
26766
64902
30875
67585
26523
37026
400
2367
62875
66361
23261
61016
35453
84022
64662
47655
47445
51131
14045
11960
66494
52042
36472
59968
71111
82690
45744
44397
24881
14893
258
11778
39899
5265
41970
4476
41229
47949
68667
35797
99625
56448
29233
19858
33974
33466
74404
55239
40771
62559
86727
21986
93558
8003
28735
11324
45240
47221
74525
91461
15127
66899
87565
28928
78640
22281
34331
41520
72581
8843
55683
82185
50700
32892
5518
21428
74841
96935
55659
6754
54681
36929
11852
99119
20235
41232
57917
82350
85734
55138
18121
18466
4384
2913
53006
31658
23687
26290
27003
17610
19259
77103
61357
516
54450
38667
82138
38457
91497
38949
89352
51410
56079
96618
47776
94116
21713
10855
88174
13939
22586
79933
35270
32330
90057
78758
6442
81847
10488
84774
60721
35784
14260
22009
40755
67580
80278
68927
87532
43069
69650
91932
29150
46949
42281
50897
50191
62523
2793
3841
24924
94616
68499
56708
17246
14350
13325
53017
44684
76643
6776
6427
52357
21790
97866
90218
49227
15257
75178
16657
59583
67910
44746
97259
31697
97968
93055
20333
59442
81558
6788
21185
45915
45858
81320
42438
46002
87542
60933
85417
56407
65216
61192
69935
32098
52485
93723
48972
77742
67031
6539
57152
6202
84237
50195
27938
71531
62178
49307
62653
1073
54062
13029
26430
26502
42098
43264
68406
18885
12749
60839
81647
86520
87412
41227
8227
43890
21274
6411
37026
23288
56090
97860
60068
4403
99974
16291
38202
28750
50420
76168
80207
5642
85495
88178
67573
63114
40306
28534
33979
94805
31937
30571
30370
8103
79662
4904
60480
90200
71575
52577
74874
99574
44093
90417
64024
27433
14062
45576
78255
40136
30359
13739
79960
34527
42458
57491
2297
75170
15065
21197
3012
23138
15635
42368
80723
20767
82568
86942
7399
18180
59238
21456
92526
28618
85993
8243
32457
34753
36891
7370
17988
70215
36780
47189
5777
45334
77693
7176
25740
40883
87359
15468
88064
59215
18353
31880
43953
9365
30488
42586
47058
60658
91864
84665
90010
21081
80133
18357
76505
40406
26953
38893
58236
82693
99979
79185
29296
7010
53717
46331
69618
29688
12130
74286
13671
94179
4166
92845
66159
833
67867
54720
69895
66761
8063
50826
22098
48486
31435
46907
81528
74056
92979
60124
30023
51135
64162
37112
71873
97556
42831
5173
58148
70613
36577
89603
89403
56287
95411
86047
94977
95173
5467
89538
173
15516
65762
59205
77878
24865
6813
25530
248
60908
12280
54960
96844
28647
68193
50490
98496
24519
2252
52135
99977
36858
42994
98699
32145
25495
46014
74359
90265
72551
24438
11835
13527
66897
77566
94001
40138
20514
83655
97721
55993
73581
18791
74680
16740
56315
10821
99917
39364
12235
65019
57241
35539
31252
37862
59754
62359
21321
43024
42658
57878
21158
42763
57005
46988
13911
90935
44010
90152
54413
98916
1217
43296
23795
66959
21913
17650
62089
67320
2441
74957
28023
43335
92092
21945
28795
25340
33031
97096
53989
62799
71414
95701
66477
47018
7922
60660
75099
34569
17216
834
52703
65427
40456
62423
43838
68951
59272
7153
40176
82480
68404
94816
51263
34767
52453
23374
71376
31657
24118
94477
72033
81819
90390
8595
29205
82584
29256
12635
99215
70747
80379
25827
88113
45949
74576
47302
61293
3927
71481
65237
538
28453
79955
97646
69216
20967
57346
23751
26512
17496
33061
38823
29381
87716
92933
380
15929
10632
75721
71912
49619
62351
38637
95751
12681
64663
30682
91036
18436
94174
9566
37217
5499
53902
64243
75983
60802
80613
73594
24581
24219
80180
36632
56678
62872
36823
321
27522
66568
72302
65404
23356
74550
8815
76258
14555
42757
89762
92929
51360
52984
84653
60796
67263
32042
85049
73898
92405
52328
56871
75518
85450
62533
31433
47092
1122
79945
59865
49038
49506
82919
5666
53359
20962
61788
25355
33537
18630
87515
35963
94633
16740
94752
96525
15953
60084
89329
66654
61914
82436
11870
68439
30276
15602
98371
3970
86550
83132
46235
8511
89918
62933
79388
89241
14344
95387
73627
19404
73761
14081
91507
88499
53187
8528
61720
72003
71778
55704
10935
46916
16619
94511
88543
78586
5066
5921
67166
83016
68874
79773
32672
62775
95779
52892
12700
35129
82329
2479
6045
21580
19880
72188
10685
50185
56135
63331
70895
95429
6354
64487
44520
40731
20433
22076
12889
52864
79155
64558
789
81409
5786
5595
30927
83665
27096
40435
1013
30806
92881
28140
88094
22806
68240
33241
23599
22631
72629
7566
81382
92200
1170
88667
66064
87184
96742
25594
96821
17897
18325
83225
57968
14329
9429
73834
19413
99184
53694
86172
46477
1399
32232
86169
62827
45870
66043
88180
26658
45266
57370
93551
76022
64164
33921
82132
7630
46246
55848
52580
19607
30804
91569
40213
76405
80458
28460
17594
28132
12984
41708
50971
45866
64916
43562
69891
149
45285
62675
36851
35779
78537
56830
90249
9012
28198
26607
77379
73995
94127
70617
60554
62017
18268
81059
48679
20219
73063
25408
95343
17912
16356
38004
35491
52265
73360
9936
90122
56480
7345
37127
98719
60838
55607
80225
81597
73730
98914
68958
70055
91135
79489
32474
55125
72077
53117
62489
67852
51093
73089
95981
51674
74653
2265
17968
18380
21019
79599
25954
5968
14517
90205
52300
96405
31092
21432
31147
80774
2536
79054
16187
5688
85931
74599
5883
21953
50943
42637
93493
53604
85550
89113
82334
39976
41220
68337
17267
18107
73069
98497
27136
86290
7173
28227
34392
80002
61966
21985
98273
26414
16671
42647
13828
61993
67303
23330
16073
36390
75394
19755
85226
55295
70240
36234
30387
93341
91327
83214
38984
14683
58461
72054
13902
88011
95612
5431
14024
98300
61864
10315
43064
66599
4407
34261
49139
12452
33891
33462
92297
3396
50874
15325
56629
16868
62501
45593
78279
57402
42467
8985
93164
13248
17139
22859
5149
39027
11463
50639
30684
85686
86677
38034
35121
16652
25084
30901
39190
25072
44177
24027
46620
54963
72797
31904
41948
31312
47098
23755
15593
32267
76465
92796
12946
1168
98924
87576
89162
79144
63259
24136
68615
22800
64750
43759
14146
20767
83453
32007
20789
81710
78090
17291
38894
82048
36495
39159
38874
6509
72489
56295
78460
66790
74414
45982
17388
74500
45323
44765
54178
88196
23392
43209
34380
17378
67858
60194
70528
17873
81250
86873
32633
81185
55485
27639
39045
41950
18519
3984
8189
72514
76466
27249
41564
78325
19601
99488
50348
96076
10283
33358
70105
89211
16392
41667
20884
37456
60220
19610
12522
2876
90740
33542
67550
87664
74890
56313
93964
76228
16095
54633
36363
90958
10719
40308
69549
12125
36412
69464
36622
2582
61259
95569
93248
94262
47436
93179
90350
96547
79842
32100
7136
30768
79235
24809
80819
85153
79198
41837
1547
73230
24491
70208
79571
91093
45746
11221
34021
75036
47563
10861
27753
73609
59556
46038
76599
67468
70010
28585
54924
92319
34471
96990
58195
43993
89227
67731
40673
28416
17504
9156
96819
94101
36190
46134
67980
15317
27438
27797
82751
91708
38476
41219
14590
63835
69576
1572
41167
33006
81324
60549
16854
55437
28435
96719
46415
73543
57352
93846
41634
32431
49747
49220
4951
26328
75106
36673
93473
56170
31424
43264
54501
60501
4583
40205
65911
25408
33118
69119
67403
90098
70039
14183
33289
88704
81384
25306
17264
4510
49710
10650
84728
60916
68235
21692
55210
74201
63674
81761
38145
26803
70204
42701
71323
71302
52431
79425
32691
82828
26115
32593
76461
45581
28260
58007
1765
20095
72234
15589
801
5408
742
9954
87056
83136
15749
19117
72967
26880
53401
52057
85121
35536
53713
76428
12857
21598
88418
83080
96248
17679
87224
6050
99203
43223
98066
56344
96088
49176
28738
1486
94495
71984
61428
79615
6458
73655
71253
41712
16263
37498
10847
42626
43373
38725
58626
33247
51035
49428
34410
38649
14154
41895
10379
54366
55837
74423
4888
2356
18117
16488
44409
26172
13946
84545
20597
4545
2451
78535
25956
15505
96595
50127
52595
45599
57284
61169
30682
40684
51972
20017
27520
95464
10786
33760
92712
40230
2793
12089
62719
2907
14886
62573
92375
41375
51981
16652
122
2692
54804
97478
62744
1264
35877
70737
7779
61539
56161
79507
78163
16253
52032
24342
12911
15128
16008
49100
49197
13964
80778
34141
69550
88032
87334
43478
10245
61790
46707
64542
18965
18861
74150
53913
5311
62962
46093
42423
94990
6813
21597
95596
14770
93240
28662
67221
26652
3097
9467
31008
4810
54651
17490
77945
99019
23667
94503
48387
95895
23968
38146
35320
236
50191
19826
88541
87800
25269
93385
23315
69029
48442
38234
6974
69351
5568
93422
77684
65931
58442
92539
63162
90817
67638
63751
3718
82968
71779
94329
95477
67710
48912
19116
75553
48228
27854
12712
42844
95122
39939
22467
4339
8427
52028
18970
29390
77512
31560
62461
27491
8173
41100
37499
36833
4376
51596
85533
50587
44651
1129
55340
79409
87906
1323
60508
6580
98042
59873
99439
65280
98673
97888
22424
85629
29009
39761
52112
30285
85543
71199
30239
43268
96185
39502
99830
28135
58571
93387
25270
12951
52820
28190
55069
41596
92129
88922
23873
77697
10227
26246
70476
85182
74618
62698
32418
54548
11447
2360
53732
92463
87362
21995
5519
12638
21514
45475
28614
27948
67881
79981
67642
58582
62238
2249
32118
44373
83596
76758
17432
83311
72084
79225
7834
75259
21826
74084
25019
51193
34796
74825
33715
20325
99877
59937
17426
95762
98536
99066
32447
56076
6587
31255
24595
64628
2915
88483
8541
22747
10518
10652
81660
24566
58035
36434
78012
97343
39463
45088
78717
94937
85980
53336
12706
57177
86393
65608
18312
30042
52525
88556
91181
60501
6673
49662
17311
82285
59861
13496
72863
77178
37558
7294
74228
91134
36307
34710
2444
66170
66921
25448
93394
47410
65515
74404
89177
46655
64738
35936
88548
71796
78955
43057
23545
42402
94966
70073
35846
65030
90357
356
8258
50586
80736
2803
13450
92594
7160
37065
7237
96335
43056
48392
71105
95453
30162
15276
130
66394
27867
74439
25430
78225
32220
2250
74484
31262
55988
79428
51711
24411
17685
65809
48037
43130
22218
57571
29927
646
53935
47547
93860
72583
41048
77017
926
3489
33492
22874
85803
39922
81412
39003
32338
10231
53402
51564
85684
1071
3626
92018
5972
53550
42479
48036
70132
96720
54801
56117
27887
35488
1097
45584
28856
30196
83489
42770
67661
72369
53060
31835
90309
75597
43149
85876
90868
15470
16032
97274
99081
33484
72011
827
12882
71365
52103
50064
66159
3269
72360
32313
93693
3146
67844
50082
92154
85278
8149
4418
94141
91617
51721
54637
10122
64182
7297
57578
40544
47412
98321
77017
17256
65578
87827
25469
72989
71202
4899
9509
59209
59658
45450
77457
82524
77373
3165
21461
20801
17182
8432
39981
42928
39443
7944
85631
28431
67173
66104
66557
39644
64579
4492
81884
88314
23021
45660
89958
82394
884
28107
72588
35752
54964
34372
85066
19868
10484
49771
41469
82626
73106
40288
39740
57657
17795
94266
17216
65472
53354
64595
54065
73884
75111
66388
25197
93680
67671
30667
40828
4097
71853
37069
44484
17775
62914
81034
72587
80716
29658
46515
20325
5423
47905
84522
14250
512
2740
63018
45558
67554
98132
45377
62046
95333
72449
49904
25971
67148
96196
35205
18103
31319
23104
38343
61413
55367
3390
12935
73101
55753
75728
16740
65267
97897
72875
49843
1606
45927
24550
33610
33687
9318
22851
32137
55720
88430
40993
68050
32283
6744
59982
12016
10068
33043
74707
86405
9327
41123
94533
19560
91300
13553
58476
4819
61612
92859
81590
76741
33333
55999
54591
57121
32096
47351
48489
5637
32803
70057
74154
38118
38592
47095
54703
68570
42127
60675
29725
59044
91633
68291
47239
99677
35827
88171
24242
38634
22338
3530
24934
24657
61571
87854
34964
14889
80619
34133
67885
35590
19864
33465
5551
60526
17469
44503
51637
16020
4311
54819
87373
56046
67831
27261
58423
73137
59173
28354
16674
8482
58956
1256
16419
75135
8885
47017
58182
80253
92735
23558
14636
7180
80029
21959
36375
72598
7116
30244
58100
95567
48708
28759
24352
3403
70644
83503
59552
21349
15629
47453
76647
6152
17331
40251
86183
6488
83973
75776
50725
74835
91036
95814
34844
54536
47611
40920
10265
80603
84568
29884
73342
25333
17149
13694
57971
42193
12188
30719
70005
98816
78655
73570
77535
59529
91987
99272
12593
58329
20543
38606
64185
86491
93397
75397
52742
92728
28139
79623
65338
31859
17281
70759
69501
26918
97598
91607
77366
67778
72506
19249
22773
59008
65044
35954
64176
21411
37758
23857
55085
48729
15886
32241
39464
32476
44368
79151
25999
94908
27527
35797
28109
43207
22861
29657
33433
5090
39563
21289
36386
31208
32507
2513
76275
59621
53622
85162
76626
89032
61686
78743
33397
53238
11219
32266
96409
29594
71706
20722
23474
40888
66587
42784
59384
85831
99141
68748
96079
49593
44735
95571
8889
60133
50304
45942
1314
89963
40019
57494
66977
17327
91512
74570
95973
12753
4567
81188
78411
32382
12584
38344
41369
1460
92282
56502
66800
56674
97045
93010
22245
82918
29743
51113
28596
81528
56048
3870
90455
88411
28422
42408
72131
90
68878
74265
90105
48562
10310
18437
42498
75851
80091
30525
58945
13985
58903
82913
88205
110
26124
32688
78
88943
31656
81606
94200
59857
79382
87533
74201
57701
45426
32154
64843
66210
97693
33971
8808
14449
85127
84671
86830
35249
95274
98929
19677
38614
35380
56045
54011
51019
36414
52152
82498
1689
95567
95708
48022
39272
44492
97488
46151
84946
66119
49036
40997
37849
75716
9368
35056
98042
69683
97450
20139
47165
86221
51112
11958
55949
56784
34427
24126
53376
85024
67467
10110
73636
20103
98473
88049
61426
36291
91411
21939
72324
17270
10798
57339
25888
16654
6218
95904
50892
75766
2641
88172
50536
62131
28481
72862
47797
66868
22673
68301
76703
33146
84183
11581
75612
6188
25312
3947
89409
74386
68843
35653
51222
44810
98982
20197
86075
58930
8391
37108
5819
46956
46883
53906
21588
64912
36369
51054
46970
29046
12426
58060
34444
43917
47464
43870
33885
96358
23097
55109
50342
55712
55363
18993
77349
94428
14833
32957
94070
1722
72116
85463
81332
11485
92171
36016
96542
51555
75336
72390
82772
59676
43142
97939
53187
44144
78271
89516
60004
41440
63294
59362
32218
75833
88491
49351
84307
13769
58907
70393
65774
4117
5872
66026
36945
71943
12544
97989
34260
26
53069
42217
30716
87933
22121
10092
676
17580
56703
74526
49961
81934
29615
32408
26693
79799
87204
78701
38198
28747
18492
30290
7549
98804
63008
46090
3286
14778
36267
43556
40323
80188
81433
39939
30291
6221
33705
8634
85740
71509
94121
26577
38000
23110
8696
75232
58388
89333
99102
97415
49706
38623
97793
42624
55008
64785
20854
20288
62631
17699
32959
12151
46219
91302
99101
52120
97212
39844
90906
94443
55935
83842
28133
29129
82460
52408
20898
31300
15117
52691
99251
33852
54986
24335
4437
53323
88738
99818
86952
72086
24197
95955
89552
50219
96106
82938
48268
43693
18481
87440
71231
41746
27535
22768
38060
21031
4175
80513
76764
81307
38845
40693
53229
25830
11978
38673
40810
88605
30615
7695
68444
7888
39786
27465
47102
6309
72337
16202
71575
36012
50370
84531
46689
1484
66943
6848
88197
49301
9408
52273
24712
74529
78198
95877
93189
36128
49772
31501
88417
13165
20095
5629
82587
62639
60241
57093
44655
84525
71695
59599
98039
17049
85140
73408
84936
5427
62568
39853
41965
41247
63249
23953
86984
59708
49711
76828
47391
41806
262
56430
70482
54342
92245
40016
41272
58265
96902
16342
20329
64757
52779
10938
60613
80802
67386
98175
24492
55059
54579
46196
11357
35360
53800
53108
72955
33132
13889
28551
58858
65439
18024
34729
24198
59808
72981
86321
13396
66758
20780
96764
64855
65835
30564
66198
80876
30228
36234
50704
20980
73039
9185
2526
39114
85068
33373
94334
30130
88459
18801
56259
94872
27328
99267
83163
66794
35288
27478
94870
78604
17002
53168
79489
16229
60568
50908
94495
29899
11261
86049
91817
4704
18435
2245
49311
39468
98503
77191
59963
51749
95225
68820
81363
42097
49726
13692
36969
87719
9451
17363
3680
52758
12985
71181
74151
72679
49921
92866
86465
59101
93711
97594
35948
54732
50381
29228
50706
73718
29640
30726
69069
93200
74825
92315
33575
49645
58025
42616
16669
21191
69495
56192
54613
63610
98985
52079
52027
60505
52341
72768
380
86598
88382
47943
79929
38561
14201
85386
28601
96160
81144
92053
98928
82345
16432
92637
54073
77254
48635
31648
69399
31363
58529
47882
30594
33503
15333
68051
77093
53754
36450
42983
66391
15213
36909
1683
48148
99185
67422
93571
9941
59659
74034
99421
59156
17434
32616
11800
79768
73222
89354
69941
25293
31110
76973
96079
80652
48064
81197
23501
631
52632
53572
19665
3208
10421
77868
56579
30342
72888
77767
99899
18884
95207
44399
80340
99823
35294
43591
64811
49596
51016
58814
21147
96303
74789
9901
51871
60581
97975
46316
98485
21473
73380
58226
87336
38417
170
45663
64803
40638
82102
75813
9689
87171
63130
23793
21095
80054
15555
88363
23741
44675
40667
57609
97473
70365
11542
30892
57199
33540
67754
78398
4046
13872
11034
13542
77017
5949
67408
48070
98088
94743
72672
92184
71176
54308
70216
89411
74636
67968
9561
76644
21135
32698
77916
55737
104
13667
90200
98485
50988
25954
37708
7130
80440
42564
91252
74615
2944
43792
98173
26359
99521
63560
3168
81665
10429
56183
95087
35214
41024
77409
95663
49568
52875
95014
23790
10392
32542
96123
52862
74014
18013
64781
85012
44888
34486
45558
64079
81187
6414
9762
24650
78968
95655
97404
58902
30760
48578
51204
2712
45318
47945
34391
87384
56799
93144
27479
93342
40848
43539
11672
84220
91821
42120
89545
89265
56168
83551
76356
44480
67139
20552
61862
88170
37466
29706
11566
18180
93214
36914
73945
91879
76161
5790
45332
1405
78708
4225
95654
25938
30683
3540
97665
29041
97798
14459
34019
2866
15750
53678
12761
13614
90138
31369
85580
93666
71445
39537
76779
28251
93331
58211
96425
59954
15938
14233
22917
6164
12230
93877
19361
14374
11913
84262
60502
35800
95788
52571
56032
21961
84090
72642
63112
68271
25674
1509
37743
91938
64834
11541
96000
12014
88828
3700
39027
24549
61979
37293
19047
65145
29593
23328
18883
50328
64828
89058
64226
18121
98245
36074
18471
26837
26428
28846
12701
82687
99160
56611
41791
23753
86320
80001
5379
44613
11599
15397
39827
81410
3850
74259
41836
5723
25259
92524
88569
22596
41787
18658
56283
86444
97214
45547
40115
61379
7036
44326
78969
8960
14216
22196
66272
11801
39299
80500
3310
38771
88050
68327
63191
40322
86958
12181
4976
58130
40869
81869
77667
81732
99297
40985
27136
72119
63387
23779
95665
25275
40245
45981
90936
76777
36122
73400
76077
8296
49072
81888
54068
67502
86524
6847
57358
57067
34652
78887
26918
10329
83242
15776
32341
56376
24621
67099
17094
87550
739
7930
39907
98648
4823
55846
44233
30258
91670
680
71765
15460
50756
72445
18234
8124
17280
74981
17809
98740
62494
37812
59234
65335
24405
65321
55235
76999
31083
69399
6604
39146
87500
68182
33619
37227
3296
1452
8609
50836
1614
34938
66184
87640
57921
37870
81567
60064
36047
21146
68293
7336
76504
15478
56157
80693
60932
8320
89041
37734
47818
91200
16115
48965
84728
4533
23043
39841
23093
32529
62607
77684
95558
96325
20323
52446
40032
65482
22425
43678
16782
53361
12002
75140
38219
79223
46167
75226
87385
85502
94366
12406
91300
2634
46411
41900
49920
10081
15591
28850
29504
26878
88109
23843
84175
27481
21579
69401
60104
54715
59058
3281
50783
94109
49105
8670
23667
33994
36188
25163
29131
31827
90668
43582
66213
26138
92552
34307
3814
57357
21413
14146
84158
10661
91527
36620
93369
90623
49985
99157
63631
43199
5382
50959
2193
22031
99213
49391
67879
37734
89345
29189
33831
29626
93885
10154
88994
54063
98512
90980
61157
36437
49574
40947
76258
56467
45406
28408
82286
15490
48100
43575
36260
56127
44408
58551
10393
81709
91060
91161
27794
94863
91225
84137
25012
45363
29484
19753
24221
82397
68108
85933
19852
45336
51710
23041
98099
83099
31557
532
52885
83559
85507
75749
92883
8396
25696
13791
6862
20424
30633
62867
94696
37868
29953
7162
58075
41054
74588
91256
55510
80093
19333
30947
23423
99014
77349
19710
65627
78537
46454
17070
86434
10882
70393
38564
15940
99708
9867
12312
32402
23988
1920
38793
87135
86123
3256
86656
13140
55368
5060
46002
59928
36956
18703
879
73807
14325
75623
48622
79716
2541
290
5481
12924
18059
94182
67457
29666
83638
7730
54668
30119
97286
64896
88113
17746
30158
18171
9191
76689
96832
21821
80331
12244
73716
84041
5228
80439
40189
70940
5664
4608
11929
49337
42878
17016
52600
97070
67051
30906
53333
63189
22291
89158
2829
44605
75180
53558
22569
32943
35811
64104
53654
10374
53982
53725
13724
74616
32086
61581
67008
400
88766
1096
68357
74082
30315
23683
27984
67891
43013
6636
56376
96110
53572
73716
66226
87465
20833
44618
64148
32584
82050
43977
99909
54375
24280
78051
47089
66454
41960
66772
32955
66818
33714
3002
19872
84659
88556
96511
40841
52681
64014
29343
54342
6119
90137
79224
16305
52956
13222
15388
52864
56421
3566
81104
22313
34015
22861
34202
94808
24670
13272
57439
76734
24197
59697
62332
39213
27305
49403
47164
15675
63449
86846
89617
91718
66909
17864
28059
46905
55954
33068
22846
17197
52524
18680
93643
43214
13466
29154
3505
54465
61311
42912
36578
92078
50539
10266
60971
22089
38515
20777
87820
6685
58112
63933
5593
72624
662
98839
32025
33148
3191
90583
56899
92814
78340
16859
3502
30103
9627
23773
47434
99372
67114
64465
83041
24472
64253
53621
62301
79005
54854
79517
40737
83893
59004
7811
8619
4231
90115
32793
93201
55451
28533
30292
49984
96282
64543
75
7875
77655
16441
19776
28651
31853
4019
202
756
88253
82476
71957
56879
22436
21289
80161
52880
21034
25731
51060
30955
38251
50985
25431
72213
95298
15825
31426
97472
93484
51804
40851
64314
44749
99741
59191
40598
40392
84085
75383
1414
48937
29696
62766
61466
57453
67218
52550
41672
89613
14487
96556
3591
42541
90578
798
70493
39504
76526
73898
28394
89054
32040
86527
55852
76345
49535
9986
79627
82110
60425
3336
45052
29775
84773
32757
57248
35619
1806
68024
32537
95027
45841
5812
19150
58052
25055
37779
72424
91173
21734
29318
43885
12365
89305
7650
56354
53601
34332
90925
42387
80085
57963
40058
34916
25480
54021
6981
62142
50136
63131
69746
17600
88744
70344
72004
62707
82122
25724
36856
65582
90247
99741
24160
46640
81185
25011
63256
11725
56490
51630
64326
20558
75343
95162
15887
9845
79555
94124
94379
24470
68687
42672
36797
36291
80542
87648
68246
35888
77067
20332
15394
2507
31304
12076
13889
49172
65120
39026
76140
44515
61253
50048
89153
5162
81965
91185
90789
38477
67875
66465
79883
73156
21738
89930
45189
14003
56730
24986
34548
94466
82445
22783
10609
52359
33382
84919
61855
32046
91730
69474
91784
50777
95372
56645
13402
95149
68900
51305
24527
16387
61346
12856
58141
70437
15685
13138
53767
26526
76013
69376
45371
90080
90836
99437
17815
41698
3495
49155
91813
74169
72369
11017
72737
47388
26077
60024
33832
6076
46
24509
56993
23482
94791
33436
28990
29407
78175
21697
44860
63613
12328
41883
55899
84725
80518
28074
97032
84256
9981
18792
1201
47024
80330
3169
38868
49734
53090
42187
6558
76092
31998
800
30032
20506
63974
7904
8698
64155
44506
19308
46041
61966
28632
29943
77021
33170
75847
42948
31404
11873
32342
40173
90170
59937
84270
72674
1517
6464
40063
35935
35321
97253
10707
77496
63622
10872
13434
84091
58198
25365
21851
8418
30889
22219
44951
39950
42024
89455
3460
11039
33858
24126
9143
75645
71765
20136
59589
12627
66098
85697
96197
34705
41070
20508
68257
28790
64739
45496
28880
28414
23366
56814
57726
55991
29722
42572
56205
2616
7311
71678
53509
6554
24882
35125
38393
58300
52229
7318
83019
57031
87103
39201
36774
28139
90888
72439
4618
79541
46826
67257
68605
84403
6354
94745
17628
30610
1757
99021
4577
72535
47132
7609
84401
7744
13066
79814
46506
21000
36470
30076
51820
78169
21779
8055
22243
6626
19780
25487
32298
41534
89798
90241
29707
54894
38323
36646
12243
89938
56926
52010
20289
50515
87993
19915
30617
5793
26862
8255
22453
96474
44695
74721
91048
13266
31592
44283
40473
72589
31918
91132
4748
96549
46693
75370
98768
3590
14561
77071
3805
27300
73027
97264
13092
31921
40745
98963
91054
25627
7389
99573
15575
81198
80938
40672
43757
28448
32240
63518
86586
91944
94098
43888
657
32950
71572
2275
28385
41297
71016
63256
42741
99709
54735
86
75933
87403
31730
12885
61297
5832
17400
39406
51193
52496
87463
23751
62370
14126
20308
89669
80788
28247
85165
23314
75422
84882
74184
7659
95894
76102
68559
50588
11621
45629
40938
12502
46107
74811
70364
951
33736
49341
81495
72652
24512
69162
79243
28907
1585
25301
45326
81212
21686
48141
45455
26119
76614
95534
65243
16840
88245
56899
26632
12210
46187
34385
42605
4197
98918
93454
59679
17440
26811
38986
60397
81722
97574
90094
62011
29684
76554
78555
83768
49096
74287
42979
41822
18895
40712
96301
57347
47266
86649
73827
95710
33716
53666
92996
5832
51557
72734
95728
6230
29320
90865
54865
10420
18991
97093
73179
23848
10688
6887
11041
48233
79749
67383
62914
93562
79111
44155
43031
87617
29975
44626
37164
30092
92841
21045
24763
89243
33318
55301
14399
45408
26622
23861
68270
51326
65643
54415
66729
92465
87681
46319
45208
28698
36261
44373
44709
73699
18770
44671
2596
53313
38137
46340
88837
52046
11501
26564
18362
72186
23270
65014
9776
37118
61192
59605
31483
68310
8950
24451
21166
92756
62846
47114
69687
53432
85174
63377
21972
55274
93474
37223
32362
95229
98312
17129
67844
46745
9254
10583
20788
61520
47377
21414
75332
82174
96220
41279
44528
5411
76445
86495
15561
82847
90593
67251
81018
1281
46955
21659
58486
96062
17005
62620
72063
24608
30869
38613
37305
11937
95351
56779
50888
28809
24014
82130
52979
9201
25585
5513
5819
35837
53170
4578
59095
57423
48260
18917
27092
87551
58615
57176
65907
2909
22429
85532
14494
14940
71525
9698
71929
55555
68467
48184
41500
77106
363
24279
37074
56545
2063
16111
77434
87712
23623
43926
23374
95253
27420
94312
16705
77207
90773
13336
71362
69830
22680
12017
65843
72044
17883
75599
51608
53172
29271
45504
52891
48381
1003
63536
99942
58523
66349
77206
74536
94750
76766
46065
60204
92337
99130
71490
27892
59834
82857
9643
8976
60236
23668
40933
80024
2347
5841
34071
62971
73702
41831
87358
68168
77292
42202
82209
27905
75192
65052
39921
52208
89964
57715
66665
67231
22282
36648
28430
23502
72370
52840
20740
79439
34371
445
47748
61841
60867
79988
22977
3858
8284
13966
61419
29041
65138
88652
7062
74719
2587
5341
47517
68471
38623
45982
92937
24226
31894
35222
40330
6185
26863
14567
45265
99321
96787
95102
34619
27847
78391
40471
86429
83180
59937
11157
27441
76186
39805
90296
77727
47459
95951
52967
72267
75851
88577
66904
49212
55570
84572
81102
49558
63256
7372
90058
77557
8935
78604
28887
87344
50239
98347
9708
87607
26251
33305
25210
9469
96081
3951
78601
14416
12346
15040
3901
75283
77159
78899
32593
76715
62783
28588
76195
15315
87374
98470
97113
85003
49204
19694
61619
20538
11820
5428
8048
91712
7971
89676
25339
90411
93005
81269
41941
7232
3675
94640
78910
83517
48993
39402
15770
78826
39050
60238
87421
61566
29074
66392
62236
70482
58310
94017
76806
4320
45246
37510
47542
41088
46457
68711
58856
50999
20326
400
69376
16953
99713
7107
10232
61149
43285
67641
62527
33347
13685
6739
47871
49954
65324
6333
10535
30859
41309
58229
65398
14909
32265
60043
13170
36794
5529
13079
9204
29333
43255
93077
32315
22442
71313
21856
10915
95093
61696
90195
10986
25880
86285
76265
91320
3859
80658
14541
78440
31924
18957
70338
50691
7196
86554
54135
94010
942
14263
18772
32763
88194
67490
58588
25744
35456
30829
46663
79146
33489
57728
85587
31751
12447
27206
78363
90831
23546
57046
61426
47887
11265
1709
92246
92177
52880
50007
8460
5724
70104
36654
55689
97571
58793
44519
47690
24679
76712
19347
41213
94528
46909
1414
11536
60343
35865
99188
51734
90959
73799
56619
91530
5030
53438
19950
31898
53210
17723
61674
52693
14961
24922
39988
67736
37470
28274
74585
1301
72861
18059
18336
47781
9279
26486
78039
44420
70215
62809
83659
33159
10317
6536
35900
37993
70954
55741
823
31999
31339
23509
72858
33327
66530
88668
73607
32115
4532
85180
23258
19636
38447
45946
92511
71918
1756
66138
75450
1135
33059
47471
58063
7461
96611
2159
85370
21014
98897
34761
93481
83460
93527
44886
99783
88481
78310
35075
72503
40879
60819
96313
97795
1551
71925
46111
53493
68312
29013
81953
63888
7901
54186
52168
63352
36916
82581
95550
6275
58875
88013
40614
47498
81074
36246
21833
89901
64717
69188
32186
90555
14980
87526
71188
23694
84766
71379
72406
2252
70458
52144
13473
42235
32591
39783
84172
60661
92191
50007
19544
85964
12427
55139
18848
74695
61725
41440
48508
62752
65740
28746
77342
92228
88238
47671
68849
43145
63193
33502
80179
18959
7504
22676
20308
67989
21893
21794
94159
51777
46401
10477
54452
30927
25812
8513
56142
85179
96683
37445
67807
18917
81074
32732
2558
23495
70658
20468
80967
53484
91794
18755
2734
78687
66661
70122
49848
59185
29973
8664
62159
41401
63038
672
9098
89707
31054
70823
29704
47663
95302
67589
58982
47971
31774
17655
79592
33610
49948
55199
46019
13749
82056
89240
81592
22709
90149
65494
32618
44671
33447
28357
78191
75307
63831
69334
9381
30470
81764
26872
7149
32210
36593
50137
890
73001
15591
17835
65472
99369
90607
21534
53874
7437
40505
53941
12708
1452
59250
24260
34071
48835
43389
11682
92639
74124
82909
95403
14182
18945
43087
40367
61308
3390
82715
33282
94147
38801
85829
58176
61014
96986
95678
32597
87063
68618
10503
73230
79904
2803
98513
15707
97617
25411
65993
91312
91945
29991
8304
60205
27791
54341
96163
93348
37572
7369
80510
18292
54253
45450
60442
49656
30671
73849
17706
34155
7061
60787
32045
67710
71034
23385
21796
52655
6126
68368
48575
21885
7216
54180
67232
14319
93355
54043
2221
71625
65817
88089
3502
30530
74347
79021
90906
17743
92095
71246
56053
1487
91674
80859
77234
77453
8207
99333
63417
556
96087
99986
97519
35809
82620
21111
52041
54953
971
87422
23287
2986
16776
87873
80514
34606
95112
40683
84332
54315
52384
44909
30465
92337
55390
39576
97337
33926
13621
16712
29040
93965
72603
74933
53424
16877
43803
84851
74577
92535
6252
29598
39188
55273
73153
50061
48563
71504
79443
19926
44094
12439
5497
86624
48891
96423
14163
88135
47416
37596
85655
50046
55227
80345
98075
36880
85892
56732
90944
62401
31806
42901
76036
22465
78961
51239
64193
75775
30735
2055
16182
85414
37253
71083
93112
6512
78604
89684
44824
12781
41649
90963
37382
21959
19233
88491
92930
22179
19998
98746
66334
80110
33605
54844
46662
88814
14217
13552
41057
65485
89064
47834
24027
73103
73930
86916
65876
25405
65778
53480
35046
13257
65100
23311
37201
56369
68955
79
13070
48516
11379
11518
48249
30745
83807
32841
60380
64975
97931
59885
67328
88662
63063
86424
28014
27749
77258
64595
30834
62923
69841
45459
74908
66001
64890
66773
20743
86774
7073
74968
66000
8988
60180
10083
18831
46798
52744
59009
98393
99425
18267
20731
61598
32914
61324
16462
14728
7463
8715
19835
27134
35615
25899
59303
99209
16416
35825
97508
21551
38504
20159
84098
98500
50778
77437
75973
60634
72274
62364
32793
23224
49791
57704
454
41535
38522
87116
12693
81522
25494
46961
47302
60500
21972
85890
89750
216
66520
68476
49799
17911
16391
40743
28167
82294
24583
45967
51289
5648
85255
59748
40499
36438
68390
55969
48676
96804
72350
90833
85952
79765
2153
30577
30973
24678
64366
6982
76724
94337
86124
28942
34925
33599
37453
96644
42600
42788
70860
69498
96056
5664
44488
54876
70966
77461
89109
13620
21627
3755
84637
68719
23366
71947
18413
47832
57461
62660
18226
8868
42563
86295
36422
16616
21891
77700
40801
74528
60425
98517
35285
22044
58127
49529
77008
62710
40991
78276
47161
56795
19100
28790
26222
59149
82959
28521
20487
35096
40102
21589
29354
23886
33220
60834
32342
12720
60235
17549
98458
38207
49598
62600
90239
49948
74623
65603
6555
26006
9490
63611
61091
83289
90661
48140
78565
73271
69934
55606
38902
12370
15852
6144
69978
93055
54144
6725
83573
63256
30972
32337
20045
54880
96205
71266
42164
22472
79414
58321
68364
71341
31716
71675
84626
9201
1904
77197
17923
13341
26840
52622
91290
95154
59451
26486
35669
54064
8041
23049
63914
18254
20002
94543
30612
7222
80723
71250
5481
65374
65961
62575
27232
67468
20370
50677
88270
62511
61883
5698
95682
74162
70453
39217
24183
33555
18997
40047
16332
47433
75845
53501
77540
64824
81700
77214
1891
91566
5444
28555
86814
15069
31430
94731
68163
5842
36842
48731
95007
74347
39129
96112
160
57607
73712
85350
65103
84912
18870
78887
50922
81046
53600
47098
94290
40793
44332
70628
16173
99544
9329
78794
95830
10126
53059
67916
10488
45949
88912
42910
61498
49447
6589
98083
31583
12529
1289
49786
61507
20196
27302
29125
73047
53059
43920
11752
18427
62089
66620
58370
47081
45345
77183
16713
35278
24689
90035
71587
90219
24307
87222
53832
28853
34645
51451
38446
34219
38180
89897
91339
79129
85133
98206
36738
76622
56792
78185
89725
22634
28169
65552
27122
551
5490
52241
31621
65589
87879
45032
62488
56410
45942
94290
63985
76678
97488
25672
10577
28205
39618
21216
28976
82274
28219
12556
37024
68895
16113
37396
42948
27594
84327
98610
79158
58427
40665
82641
32789
42037
38504
69915
21448
84887
70800
80656
38892
24472
15340
70267
38659
57392
84661
11659
35886
42729
11449
60798
74679
96400
7004
54722
55174
69911
31913
87619
57012
57694
713
5278
15220
85498
52497
41402
94212
87154
62270
71824
89908
77167
72040
22729
91031
33512
84007
59961
24924
91937
38601
42891
47442
68131
24813
98453
20873
49331
82255
84212
74553
96799
43432
15197
5464
39729
22158
38713
3449
48342
20075
57739
39678
53494
32069
53113
20785
65023
17056
64402
92221
92723
53329
46090
62467
203
38296
64064
38111
12876
60359
44572
11293
37601
94568
65000
72361
14701
62784
81873
67787
17946
71391
93099
38924
53983
99859
29728
81062
16658
19349
61318
52090
7596
34982
49921
883
59693
94442
80005
80285
43094
97411
49229
84017
26388
80220
15162
61937
39112
46085
31282
86097
47377
74445
80685
37468
1372
90470
62465
39252
15676
73917
99534
36036
71746
28675
12464
54418
212
80895
30587
3804
69886
85621
33517
96311
93369
63378
48335
2341
63464
57883
54856
33198
83167
85887
54231
54236
86133
88795
87217
45427
72018
50847
67463
39618
89072
16916
31489
38586
34580
86175
81627
32414
59048
40834
41744
3654
74730
69737
26380
56652
93257
23260
59542
93548
28526
13536
22305
1945
38597
54226
20318
97584
2820
7105
91724
44570
36171
80186
50940
57351
18366
39079
30018
19596
92030
60837
80489
6048
72736
94180
22674
15043
58944
57956
86347
39409
97176
60632
63149
71714
8963
26797
53032
20127
83818
4398
85034
13095
68452
97753
25584
57351
2617
32812
27944
55774
77442
24985
29626
53393
3122
61243
34466
77786
37594
21094
97881
1404
31554
30556
67458
19906
34067
93361
20120
61512
7256
35843
1239
74760
25057
85837
38697
84774
72991
27258
89613
82478
6087
28486
64140
93817
88342
38200
94963
61395
55716
20909
27827
39961
11680
1865
38812
33647
37465
86855
26555
72510
28616
33205
81230
68402
68245
72539
53909
46161
81050
22348
93526
6884
71123
54266
19566
30113
16407
74024
67652
77643
79407
45571
43040
25714
96862
75194
38627
26765
68424
35112
95178
25094
726
23242
13257
10668
77128
10632
72130
71810
58243
89508
98542
81708
16242
6750
74017
33338
76581
79740
40270
44434
71256
82211
67681
68229
9847
84169
44116
41078
63473
51901
12457
48750
43259
83959
43850
44553
75630
96722
43551
2079
51975
3841
99608
32096
47790
57694
40512
62188
75088
27177
32214
9198
89431
50175
24612
43392
6713
22073
65485
80070
77051
33104
27848
37514
54169
68404
15564
16126
24871
3310
89935
83894
35015
81052
55419
12500
32075
94408
696
96567
19877
64864
37142
72446
40410
25975
91771
60774
61674
74519
94606
3839
61106
46632
25073
53094
1002
94222
5068
55811
27846
39931
24104
45039
74033
99360
35272
96487
30137
4711
86209
5018
54225
69516
52090
31708
93160
80823
34273
82967
36491
49
98411
53123
73280
44158
16979
57940
52816
65846
91191
94352
34653
63573
42742
53348
11715
37106
75707
38542
17163
58383
33082
65545
31037
42184
78221
21325
83396
13503
86421
41396
20638
57239
20614
35432
30255
26651
66427
12791
85934
18162
59221
36464
58788
24153
21178
28004
15208
24167
20749
57662
96788
59167
27828
97279
48748
35662
9093
75106
19954
83600
58507
29754
83741
82837
13021
69506
25205
87313
73593
43640
8590
76517
45958
23595
38708
59721
70773
13855
98790
75214
32070
50199
99138
55794
52430
87115
80280
940
8190
69204
13086
98346
40397
19911
93840
9183
28420
81584
24465
10107
39395
54200
93308
45783
35890
93708
36393
1222
55973
70016
30389
54396
27275
78827
42552
96703
4882
44
84241
80876
96383
53510
24527
87537
63085
19631
91009
72664
86620
49523
48509
18138
58586
63234
90418
963
29327
76686
34353
14380
71736
41162
76612
39471
93942
16558
66952
85356
83441
11245
84262
83371
25745
40186
69597
47799
24729
93008
56768
71692
77923
85163
66200
23469
94570
91794
60024
42026
8317
78065
3509
6725
69795
63473
22970
20797
44731
69231
55029
39920
43441
40578
37655
83749
15015
1099
10026
1763
59371
58030
77954
8197
67094
49712
92080
89079
5304
46575
40741
17984
8052
83410
30381
92076
49246
841
21582
17112
49319
88249
29650
62961
1279
97565
30764
24777
86701
15608
23463
78764
29283
53142
77495
28191
8296
16139
76730
54483
149
9227
8112
28581
64477
24847
43124
54636
26140
82915
47232
48860
25158
79249
91062
48021
62545
68494
55427
18222
27954
3265
38454
82630
85321
39279
93908
58336
16478
2090
47559
33865
27177
52724
99192
30239
52532
26503
81785
255
26981
68104
17162
13427
72684
49293
303
930
86404
33220
1191
17783
64791
52247
40707
13451
23295
48996
63906
99347
33638
60539
59302
82675
20518
58380
76703
60402
77630
56148
64314
78867
47092
76283
52557
36918
93461
85056
19442
3448
50455
80424
5861
10326
22372
2794
7913
3328
85841
66180
80767
76393
43951
50808
21292
63034
83511
34377
62258
96996
93356
889
6781
69221
2627
98669
17586
39849
11230
13533
1965
96578
53840
48819
64651
51001
72991
59298
71992
11444
30729
84929
73534
85345
16884
90513
74309
83271
84013
82802
12572
58944
65665
90466
44150
30601
57287
57847
62520
77165
25556
61157
56331
86626
22489
12187
41430
61033
36474
30033
20175
36611
47902
11713
13556
40422
93583
63821
9700
6505
46669
5039
54857
96208
5238
10211
42767
49896
81943
42014
75578
20537
73941
37521
86239
74640
97564
60284
42497
22455
55878
78762
35522
11461
51136
17235
9933
73854
58851
48517
29414
12785
47383
11853
35870
10310
64394
51461
25290
41625
28145
22781
71634
29611
661
4304
55928
40507
31149
90723
76042
42362
20350
7317
17091
37437
35110
88285
75794
63969
32390
65952
29297
62750
11951
98855
98451
11286
96841
96172
305
15093
6903
90810
82091
34284
22549
22470
97226
83859
94397
22212
50590
88529
17525
60444
61236
80601
98539
28604
62749
22250
5817
65403
72788
29792
31921
90089
44885
57702
41781
58173
57524
56312
78219
66066
54770
81203
35754
96329
80058
56951
22083
27178
84140
58391
20465
50571
12247
11013
81512
69624
82714
42477
28600
33654
11982
80627
62993
35212
73715
46432
13209
9990
78287
6610
53058
31716
38642
38644
8235
50974
79368
8133
26088
34402
20277
3686
89069
14954
15590
59886
9532
3477
44639
19639
61188
66048
80536
87460
71906
43158
16195
35799
24549
23777
14004
63719
39234
54246
71141
11308
58790
53614
77901
89519
44632
79918
588
30043
21409
91532
68344
41151
1445
52566
82146
19470
22052
46291
64663
47855
7121
35516
95178
46131
79911
87973
26310
51462
84263
53078
49898
57631
74597
86925
97010
12170
23270
50731
88043
695
83320
36467
19600
3733
27576
62596
19282
98452
85981
4146
37543
3805
35182
949
91539
57809
94616
44210
45802
94633
57909
582
90160
74125
11720
439
76006
35324
33492
17224
75516
40
28278
70628
19791
24785
48521
23852
10949
53865
45005
6501
46004
38614
43990
22218
55854
48007
39582
33833
44251
76224
13644
57374
49618
92236
97189
13645
40890
80188
69610
37013
65329
9981
81491
63681
54184
31974
56763
38952
37618
23996
9581
63852
20680
16191
85967
32224
21620
63264
85726
7181
77192
88501
84796
17101
59985
46415
50197
24913
19006
67179
89599
9359
79771
58131
70173
55379
37318
92522
89647
81322
18295
28255
66051
95268
82600
34746
13854
50532
21674
99095
62120
53241
79263
82462
28073
9837
82589
86797
94469
36769
15589
3268
9173
64876
26691
21904
88790
15105
12932
6231
79668
62853
22913
25031
52850
36360
7742
30212
89360
19792
35823
34225
25748
27223
62085
31197
77338
65988
67840
63453
15218
19532
45301
28546
15265
25814
87484
3365
40949
76777
62439
71504
11622
21744
52851
32088
5375
99523
40852
79674
90251
23783
23925
69881
45526
38128
81145
2729
63616
23369
12450
42335
99001
54228
88851
49369
81191
86366
24797
52418
46109
22808
74428
71581
29199
66005
92265
58952
79954
85046
23296
39797
38967
49416
86761
31002
24793
56209
83041
43277
9450
63959
16477
25479
54718
44217
19807
48791
73253
61847
7158
6041
37610
56376
97796
43582
48213
23734
47432
57884
44322
63821
39154
96870
19533
69039
99251
19997
67014
58683
83768
47853
91330
58409
81121
26179
38149
19798
27478
59943
6965
46934
28740
33761
19060
22996
71888
79153
96849
39222
58843
64606
48879
98303
60794
16322
89081
36170
50967
28609
30866
35196
3325
64370
70527
25128
10120
25188
22400
52557
38911
90901
40016
62786
72582
59395
72832
89760
60577
31244
95289
34719
92321
67119
41730
66863
77236
57078
19575
11896
63301
4875
27636
71066
35458
97584
46957
73508
90156
34742
8259
58072
53944
59053
37966
44841
22824
61614
68058
10841
78019
66464
56503
58325
90120
85211
53939
93399
30937
7356
73172
36503
13264
