42738
29519
1613
41904
34413
34962
8841
12576
3020
46494
2416
30395
3924
34361
34107
45160
42233
5922
28150
13132
24158
21664
7192
37507
12370
37522
6806
7023
38855
31345
39257
5648
38519
35954
11655
15739
26999
6086
14104
47906
8187
22951
725
5927
49923
27246
40098
47035
43656
45891
24438
47183
15786
44236
20984
37203
15623
777
34305
35949
16807
23328
47648
42100
40260
15911
24692
4076
22891
28088
47494
441
1961
5796
36810
44429
907
7881
34054
6691
34146
49983
35050
47644
26100
48929
32915
4804
28783
27647
44382
14178
39126
13391
28060
47398
48775
28884
40593
49035
8314
1413
23392
49790
49624
8099
40414
23034
43793
45723
26519
45444
7466
36040
18884
14129
32602
5107
21189
21779
40788
15787
18848
9681
39287
25214
31027
36218
17317
2890
11992
5659
279
6999
12886
657
22574
5755
12377
7767
7511
47489
29713
4433
31896
5050
24374
39179
27152
37812
2939
42767
15275
34170
25007
43657
7302
22955
24055
8145
48341
3341
39184
43144
1543
41075
38488
14369
39432
9406
42124
35911
7518
23234
36831
39919
5397
4496
36442
9884
7874
10582
22143
7068
547
33932
15785
34595
14649
1517
18010
39505
23191
21631
28247
39085
40926
46270
38672
43223
16116
32841
62
32560
26063
41370
18248
9063
615
46436
42587
24195
29160
43432
32751
34680
23641
7440
6817
21529
16073
34648
906
4754
42973
8085
5464
21811
15640
1017
208
18178
12887
32551
39627
25606
24580
16306
31209
43408
17702
42259
14599
15870
34052
36112
3906
13769
28089
9898
38846
1800
10451
43520
45541
7748
9540
39209
6809
33344
6219
47622
1766
28535
10396
32736
16826
48571
25355
43309
3386
13147
13407
31793
43475
16902
17609
23735
35251
34474
3255
25424
22526
48713
15769
12481
33003
38745
11588
4118
35409
15699
47085
3188
12317
22574
37532
42043
15213
5839
22910
14771
12391
23208
2695
31383
13539
17107
33030
34534
41358
43549
31079
106
11323
26959
8095
16932
27009
23954
18728
15525
42020
21842
25132
7098
41173
11941
40851
1107
44184
9232
30528
48690
23106
47826
37903
2324
29302
28429
37833
41244
39909
41530
33487
18739
15749
25537
5212
42295
43582
7950
11370
16059
41320
20799
13218
32099
28644
36638
12115
49834
47460
25645
37791
3602
22049
33077
7040
37059
39698
34005
13179
9838
12372
48044
12101
31703
43253
47490
21336
29779
11211
15845
34950
49344
24159
42826
36754
6512
24142
35874
15511
11993
45343
44816
43339
8414
42147
49544
34074
12130
15386
33259
23954
34359
6064
47802
31394
5551
23479
43470
35651
48120
21950
39030
6683
19924
27997
11466
22026
24165
7342
32065
7578
45690
31075
42625
13558
48323
43391
41747
43095
33565
32158
36566
24522
24110
15053
3118
18887
25407
48155
12483
30338
28346
49922
21598
4388
19396
897
26733
2137
12331
6594
47328
14066
26830
35851
32520
23288
38913
12952
38890
12628
39975
9488
14367
37265
39351
20769
42888
31699
34484
45062
14423
15160
4644
5541
2876
15479
29097
22789
45672
13674
43447
29547
23173
41156
10162
30039
642
47098
30350
1642
29161
5986
23401
11094
25830
33729
14329
24243
23615
16550
35519
383
47197
13575
44589
47137
5536
31990
40044
35799
32000
9165
47966
20891
48905
17556
10703
28909
49497
4471
33757
2357
28620
18934
48800
36216
47614
24842
35296
7404
25132
9588
47573
19806
15683
43625
49134
478
49706
7310
23581
40330
31565
49523
18603
24166
26524
6960
27659
37697
17542
10361
31057
47675
28797
7347
39623
41594
12645
42236
18640
33182
19239
30820
10302
15319
37252
17040
20366
25282
2810
16630
34709
23783
2336
49946
19262
6220
12668
44059
24000
47779
21439
29200
36651
31795
34465
17204
20639
49801
41303
40122
32657
6127
14525
47180
39369
26534
24757
28194
45643
34022
33640
40370
12703
30591
15340
35879
28092
6247
10536
41489
17080
44497
45226
32914
44954
36884
36307
3803
5594
35625
29860
19291
32090
22555
26656
45603
33443
4521
20459
37419
44428
13044
44979
30584
19605
45052
47454
40019
22954
1560
29388
29146
42497
21920
16
46630
16633
36904
19526
47865
18798
6244
26453
49812
31326
37911
8575
11667
3154
30688
8529
4521
2955
24934
20337
4378
25927
43564
36150
10524
35912
1585
23425
1935
39701
49226
19013
15427
23108
8887
45279
28607
14348
42560
13563
29227
48803
18169
25017
18770
10591
23810
16428
9885
34639
33482
43431
6045
8712
48739
30546
15171
26418
28749
15813
13810
5070
20009
8137
21833
25663
44656
10132
36532
44869
44280
42228
3714
28268
14635
24757
41214
1600
29765
10399
48473
12692
14005
27907
16911
18764
13515
39835
7093
20418
35593
2795
40136
4244
35164
9330
18250
10858
30378
4844
32807
47161
32225
35887
24373
35433
35399
5771
14828
29600
28998
21079
24803
28280
1852
8394
1140
17931
47293
38595
22086
30016
5912
46596
27568
7082
21722
17860
40864
44801
6136
34102
12740
28194
38642
36964
14997
41761
6640
7849
3058
20179
19401
37953
98
3800
39626
5158
25136
49650
7747
6550
46039
43135
19652
40367
47093
35964
17390
45723
22484
17397
32421
16065
40944
24542
32108
24211
43700
16265
15495
15607
32369
4205
17783
13405
9365
3974
4313
13705
26751
48730
21682
21272
49799
39058
1995
42590
33995
10384
20903
7378
13132
28696
42771
33119
47099
34591
3431
20228
8227
45195
28119
47736
3260
24149
18758
33698
47697
25380
16896
25869
30485
20868
37143
32004
31818
5067
2471
9774
46946
31732
29763
29706
45280
46084
33403
33151
3695
43929
46431
36411
38894
43873
30983
48967
38480
17405
34710
36068
11483
41490
33314
30595
1247
45992
33293
31949
28046
21458
10668
42686
44477
24373
23302
4373
42889
29711
30131
3238
45809
10733
44182
45227
25264
43191
24584
8991
33122
3478
43415
23178
13260
33348
20297
26679
4835
33122
36082
14710
9644
49666
31701
24618
14948
15025
19238
4068
49098
2001
1164
38562
25660
16434
19481
8467
14400
37137
10539
19828
20771
3331
49881
41282
6620
2949
36571
22166
4149
38010
14788
40170
23823
37867
41220
15125
10397
33344
27444
47617
23279
22829
5594
33939
39850
28441
24582
28941
39605
45899
17417
47951
39286
11863
25298
18168
49262
41621
41658
27738
41561
15461
31147
3610
36923
27646
26218
29101
44982
36176
10540
10845
49779
8148
144
24122
37437
32187
42056
32024
7191
28176
7715
26315
12126
12897
22745
41629
14589
7714
19186
48556
35052
47436
3871
15662
7934
41867
10004
3973
27515
22575
25997
16107
6377
45392
49953
48892
183
11997
27342
31802
40966
49886
10925
49098
28030
306
15957
33647
17710
15561
42111
24592
25874
4792
11341
39132
7690
32875
19087
20933
3508
21687
3860
46297
12451
24067
6652
16923
24603
29236
19444
44059
46482
27821
17368
10815
3549
12450
6292
10368
48787
26808
6481
38563
9921
46428
18438
3830
37255
5434
30044
35431
35674
20628
36350
27861
32894
6131
17771
21637
39244
11105
8505
33055
29901
43526
36028
39774
19958
23637
29794
28901
48942
16000
19043
32520
27751
47040
26075
42719
47022
45040
20894
34574
17410
3246
45434
4096
36426
8626
2267
31138
48991
5642
48203
39850
12265
46233
38939
1966
24159
7649
33089
40214
5944
16383
15172
5899
36582
19122
29965
12466
17934
22178
9018
42763
16128
25296
32524
12642
18311
47271
21379
49118
23249
29988
3141
208
44772
12846
27515
23695
28167
5578
34763
15986
9521
29126
18609
4485
33690
6712
37412
31186
41968
33388
5693
33690
41358
357
3110
42346
40542
5887
33166
24535
2646
23750
15857
1209
40909
20883
22591
41107
38241
11918
15867
32707
21961
31115
14439
15629
24515
18865
28653
40012
15196
33521
46412
29869
34065
30216
21034
31806
7109
49513
27797
45407
47759
45808
37360
10628
6295
48654
4651
26413
37277
47589
37577
16526
34399
32712
38242
18159
10875
43201
9061
37103
27628
3202
25747
29061
21555
45479
28763
39617
3543
18759
26705
24363
30229
33463
37353
11980
34834
9981
7196
35028
33594
33757
39476
29430
19322
40397
32762
127
4117
30964
47086
31864
25728
26025
2977
6372
21033
2816
44170
17472
8350
18065
15470
11477
36657
27413
577
19097
15996
43051
9948
11244
31452
22677
26017
3236
22490
43696
22160
25327
27322
17241
2310
9033
34286
8676
15650
48968
36808
45151
49002
38814
17532
23700
33083
48378
39752
21070
42329
37550
46030
34548
36599
24134
47677
32147
28033
33639
9504
49011
24359
9441
40628
16840
28040
35995
15082
26169
24898
3360
20975
21546
30347
107
35344
31567
22170
35548
29111
18600
29239
19409
38385
15144
38801
41140
22686
35676
16971
29559
5244
17415
43104
13131
14675
32193
25531
45229
17555
48809
14841
26873
33895
24038
17294
38786
36033
35265
42079
28357
21733
33488
19176
15101
29882
34912
9318
3288
16829
32156
29818
16089
47814
34333
15006
36683
5102
9091
30404
37687
4327
28288
42595
19964
33456
12561
6286
31889
24362
16853
38847
31706
28770
7218
25151
2400
31469
6776
10691
19762
24939
8215
15356
23176
1880
2394
32003
23578
28519
22687
37554
33633
46585
2045
9546
14351
44653
35911
45849
367
3509
35286
7415
48411
1255
5551
28176
6014
25685
3074
42436
18334
1921
2596
44842
28731
24275
10205
3527
32322
27500
2062
41176
42655
36826
14563
16843
6356
33370
30198
15733
48029
49439
32894
26568
43709
43520
19549
6279
1316
14604
3411
16582
42779
30470
15405
39091
26479
17085
4482
20828
24544
18093
31817
27076
47167
48677
47924
11539
45600
47972
21038
37740
4337
33430
20643
31627
30771
49182
48845
20084
40024
44238
19704
34292
41520
13664
13577
38750
19408
22007
44548
20535
38657
35665
13582
43449
41050
27552
25516
31586
23343
22431
17383
33112
16599
35208
26221
13019
14803
26186
3337
39548
27257
32651
43369
558
7673
26654
37506
40844
43330
17677
20296
17229
17241
14574
27450
10682
48357
42786
11141
9701
11002
18265
6653
15993
7523
4742
43338
13300
3842
47541
44311
4424
19589
19680
23702
20421
45360
12108
38154
21876
45262
20668
6240
7691
36260
12546
7612
8443
36843
4658
44168
38944
12870
33948
3171
3729
15380
11030
5701
24454
10320
32512
45473
5466
16867
5933
31999
32192
23066
4998
33938
21459
45568
13533
48365
49922
25899
14156
40736
31969
16097
19689
22279
36487
3985
38882
35007
11438
34515
20780
49231
22301
12662
20650
12260
19174
8193
49928
13613
14870
1266
33804
26880
14412
29284
23892
19310
10150
23196
6917
13111
32255
30471
29568
44234
3400
44304
16662
4635
14473
14591
9813
47606
15179
14413
44213
19498
34006
40641
10674
39314
2659
12281
30921
3354
49273
49846
9751
45404
31385
46970
28207
7907
17713
26414
11902
36939
48611
35312
10694
6794
6049
25499
46916
2123
22072
25061
40326
22396
20186
4271
14941
15396
2374
5702
41613
44671
40415
7185
33721
23917
29107
14650
36578
36580
34059
41805
8737
15622
49636
46715
32310
26709
39147
30095
29705
36049
19581
23564
12691
24962
37871
11094
47823
10439
33836
12516
36435
31543
9500
16906
12449
12456
41097
22986
20766
2179
8382
48929
39365
26271
32536
338
27013
47871
12497
48821
37974
36861
49111
19969
43368
1503
44364
20317
46220
43619
39692
19381
34088
48215
45752
35438
43646
8414
11908
34904
155
11181
11458
42046
45677
12426
7456
46021
46971
23945
8463
21805
10453
49762
2141
27267
37595
47684
37011
23906
14540
41576
43010
2784
37324
18746
36440
44120
22259
44341
8053
23977
12068
46960
4938
2501
27119
43582
9014
9028
15039
11612
26583
12417
1711
28470
13727
1062
16489
16823
35245
37733
18838
29132
4449
44379
12941
36151
177
11143
2338
2665
17395
21801
15189
8775
13282
15327
30989
37919
7092
13698
19201
17967
1598
27295
18090
753
24604
2453
15024
40152
28119
3447
9403
4296
44039
16055
28849
44639
49470
8533
35306
31047
46039
40681
36574
1523
29253
8375
16549
11415
19805
44802
4352
30220
45070
1152
48713
12721
13937
15628
3282
4137
18262
16550
13670
29146
6275
21703
41665
8170
41947
22553
10702
29211
1168
38138
18212
24384
34675
8153
46618
31579
28409
31859
32479
23521
37431
22210
5097
17921
45560
25790
21213
35379
47176
22239
1085
16555
20722
16639
1080
42858
38048
44213
29999
20543
2197
10369
48760
33378
39334
20029
5571
40683
3225
33179
816
37392
22025
7858
37154
40779
49099
23067
41431
42990
28273
17688
14887
12675
6470
1918
26252
33834
2396
23326
24514
33419
2785
40855
18231
30223
18477
17212
23145
7315
27639
14833
39267
36249
30021
19522
20413
18396
23043
45703
9513
5741
2455
23783
24610
36979
5200
7853
36500
9098
4347
30629
13870
10671
6587
9131
21402
24506
14777
29101
3976
10640
34156
29449
13762
23539
9872
3842
16734
18251
42567
42756
22841
40809
25433
36470
26202
10453
44770
41175
48276
28669
48421
16425
25490
26005
29370
16554
37491
26258
25961
44506
37158
3562
29544
37866
8637
45798
10421
26998
40116
3441
45268
8503
42498
35781
42754
25555
11771
17597
5971
30537
43689
9757
6718
24378
16341
25987
2644
21168
38239
21540
33331
2139
37905
1263
154
30342
15543
950
15295
3418
10612
38809
46991
17099
37609
11526
42288
43995
2189
46342
30691
47383
27115
15125
11567
22279
9429
43262
4139
29748
48713
18642
43608
18886
24570
5541
34366
22385
40409
12287
39189
37736
27828
26219
16928
43553
21592
26642
29876
49264
21729
2224
19700
19662
41747
15402
29837
46595
2190
27922
31863
4997
35316
44298
25149
14491
1622
16927
27083
39515
48864
28660
16151
18804
11142
13386
40546
10041
38970
15178
25195
373
15849
23725
29206
49129
598
4184
25849
19259
12507
10766
35666
25617
24251
36351
21183
37342
49639
19010
21862
20846
16850
20076
15981
37754
11784
34306
13894
40556
12349
10825
36675
7472
38377
37966
20998
38787
16549
42460
17053
23262
6336
30515
36738
43700
39750
43658
37558
21486
1691
12741
42422
4783
8261
15432
13790
40517
44343
26447
13685
9681
45206
17004
5779
27489
37606
34370
48219
8789
25723
26093
47110
39485
19043
44836
11823
27136
26083
33664
22811
41291
16389
15741
31723
46144
47919
46037
45050
31921
15290
46970
24214
24610
26006
44909
31002
47123
31401
25823
3004
14445
5720
7446
26929
12548
9442
31645
3210
31890
250
36703
22274
28648
14956
40123
39498
8063
560
40377
2191
20338
35483
37210
14602
43982
30956
10721
18251
22402
21596
46210
42389
12585
36710
48723
11332
32429
47371
17316
10622
20684
40756
4471
7003
32929
3059
22471
37458
17617
21819
45824
46329
19278
18006
38942
33842
6011
44894
18910
4977
20193
8288
21642
29454
11619
43241
10868
38559
47554
42587
27476
14910
26669
42363
35196
41677
25180
4364
21530
43837
36846
44118
20462
24645
23086
36054
19211
46051
15242
21522
3150
13435
18646
17573
30462
23808
10753
17327
28515
47533
44928
30097
31706
15207
46022
39067
47618
13155
45956
37441
31432
9183
15656
38072
40236
11898
14738
37755
13897
28107
39694
9209
17436
12096
30672
29936
23664
12042
16546
34971
21654
49779
26822
35211
30198
41748
32099
2348
8598
10069
27123
36594
25832
38351
30992
29151
4458
1771
34525
32802
38793
1400
20280
44755
831
17502
7832
25450
34511
45270
19689
22223
2009
29834
4137
47764
33713
36149
5706
13477
12355
23182
47330
25004
12410
34355
38553
9222
6360
13801
46583
35142
9612
36339
31159
31642
14683
29511
41960
36616
6957
4879
23
127
37083
37999
42490
32863
43812
35833
33192
42199
20881
41940
25302
22291
23088
29370
21268
5898
45680
37877
45685
35384
5209
38782
5583
47740
33050
9748
23030
1039
34964
34315
29093
4478
22197
9383
1795
15967
28411
36327
11721
47756
46322
14418
49947
29459
45843
13018
48937
41523
6178
31506
40770
42871
13680
27821
38588
3113
25288
42691
18671
3335
14973
13938
16155
27863
41422
39635
37341
6301
36953
42682
26962
28954
43190
25546
8907
5206
49499
15664
20103
12238
13464
11445
41938
31899
20131
36196
37601
19207
39765
8912
12481
42250
24243
23503
34922
3557
4242
1219
40769
43760
3221
13673
19553
29859
42922
8285
3621
28212
40993
47744
46441
22783
6193
2190
24185
27364
41157
32361
46844
2524
17637
37024
44073
40907
27497
37337
48976
7128
40545
16588
39116
49121
1134
31148
25251
45231
3665
36126
37195
6507
20309
15553
49109
41223
7689
36066
10571
7868
44417
36547
16023
6206
14477
10511
47516
20784
30620
47807
14386
17815
41082
7915
38922
5730
13316
48538
53
21687
42391
42406
31878
27231
10948
15592
19565
27184
15412
628
2758
48206
14839
1326
23356
36348
42888
19963
35342
39838
2863
26219
15933
1060
38406
23639
34947
32603
31884
8608
39034
49027
38179
44341
7660
37336
31949
33765
47953
31717
16803
23702
1037
41636
25101
5959
45123
46749
5097
4787
1689
5173
34257
11407
42890
40755
38892
37738
32871
23502
29107
43386
4287
3964
21339
12490
16087
22032
11379
16608
1115
885
42599
21526
43112
32785
20362
47999
9440
33271
8519
48513
34629
39501
165
10708
39011
21786
43223
13788
32162
49366
10830
34650
39221
2972
19957
41126
49950
37768
7327
3581
29455
7039
5412
49579
20829
21400
920
15161
32441
13297
41894
21829
12770
15154
7250
40543
27193
4588
38465
34168
9565
16879
12474
24362
33556
10068
28324
454
29075
19952
28422
23280
41895
6323
18927
30953
23068
6468
29738
36206
23596
8551
35348
42254
16420
17297
45303
28902
19280
16387
47616
43552
16094
28453
47099
43349
44588
39394
48991
20484
3006
45865
24442
49759
22722
37266
45089
26398
35193
19825
7405
14573
1324
15963
31987
30991
43932
19024
20486
10576
29239
29017
18496
6081
29432
29732
47711
9127
42031
24284
6590
36741
10640
13756
36883
42750
44302
34058
3569
16669
3529
36465
11736
33616
534
6920
34015
22857
6388
23390
30597
12266
8618
26238
44878
28784
13770
15367
46526
1317
36385
14722
735
24670
25026
38847
42255
3148
17409
24747
41002
10630
40338
16477
2970
14261
32185
26667
34431
27125
43537
29191
17622
5456
36722
33180
29034
33130
994
29896
23435
43101
44233
27677
7353
44352
25176
19877
23387
49531
14551
36365
15870
17210
45452
27497
47078
12797
45239
28744
5280
17910
7939
8096
31393
30356
44760
26959
30619
41724
39923
44039
49019
45951
47131
2766
23079
30917
47668
42509
17313
40956
6971
17922
12960
2975
21461
43033
4155
42758
6838
19715
18996
8128
23064
23645
41491
1048
6702
13421
28991
24463
36759
22010
39516
47827
30488
12976
27710
45922
2546
4929
44797
40207
46860
39417
25659
38961
23167
17434
14254
22027
23776
26543
37693
35141
32818
34066
17196
46786
379
34031
12084
1759
42287
28860
7188
13613
24917
14297
25943
43594
46816
38973
32304
21087
40148
18571
19835
23085
14159
43701
19704
3499
16231
7993
3066
48462
28754
11575
5315
23166
30102
29400
45624
45153
27353
17953
42631
19944
46223
31491
17876
39028
20309
46129
3240
31097
44084
4597
43840
43998
7388
20670
49058
9862
15826
37822
2422
30327
34138
32884
9433
35033
33243
2040
14327
47008
35185
25857
7235
6831
8478
48836
15738
47085
4743
42197
42809
27881
5448
12692
1064
12744
39037
8194
44245
33158
26191
1814
28963
27211
40528
8481
14902
41786
9298
31246
33529
19957
6501
28044
32036
38329
554
28645
38980
34231
38365
19146
27935
41845
30607
14843
33639
17232
11598
18707
6888
10300
12013
10240
241
8284
33419
36661
31842
14622
9907
38113
37351
43897
41413
46916
9847
33130
15311
13355
34987
1250
28757
43757
34748
12505
22422
15437
21344
35676
40860
39841
5052
48905
12505
32771
20839
28786
11122
10831
14248
42112
2410
37341
27309
8428
15718
16795
29967
21720
49756
6404
31897
11054
11724
11426
26375
22157
34062
39122
31428
40681
3406
33950
2607
29860
37505
13232
27577
46853
25143
8684
10620
37209
6016
35070
41345
14584
17729
39207
21473
23195
12542
36449
3871
47475
10922
18334
15324
44323
16682
37471
33808
33424
35792
42764
4049
17919
37684
44835
14544
43790
25249
2249
34177
38205
32102
40696
29359
31815
27444
42546
28881
42296
10824
18271
41240
18378
31842
35270
46618
10496
13988
28712
10232
45895
47054
8240
46482
11033
24934
48338
30896
8430
37805
30000
31510
26450
19912
17336
10852
28791
46564
29988
33917
19634
21055
42
37110
45427
48543
34598
31260
2703
47136
17444
33411
41163
15335
23275
38565
12709
19760
16153
46989
24040
26251
39615
21070
20461
483
115
48309
21877
19404
18182
20555
44958
29369
49210
44784
161
3052
41123
28011
12528
41458
25346
43447
13294
2954
10811
40045
576
30118
36100
20561
35247
41343
33464
38773
1978
26411
43720
10060
1712
4138
28101
9290
8226
17198
38715
38662
29756
49412
37930
4227
4779
46554
4526
26618
16857
33974
35825
31717
7862
35785
41216
33684
28227
28887
23254
49852
21987
27877
30390
13042
44798
14020
10511
24260
15626
36773
15417
47745
23572
14547
42464
22492
3092
48547
28886
41903
30676
43444
29705
9634
1240
47850
12036
31766
11240
3625
23210
7621
39341
27629
6746
3281
47167
25154
36472
44021
28439
38099
41483
42288
16831
40257
11274
14071
32010
2457
38958
36103
40816
15720
43901
14553
1063
8584
23285
28888
34908
36446
18743
42893
33115
25133
39831
9064
5799
37735
30447
45763
4507
30858
8888
48304
22578
35014
23609
1312
39738
22419
38503
10012
18568
7004
36508
31394
13922
42061
30507
30706
26107
40074
12324
6782
44747
40418
5851
6931
33871
4939
30896
1870
15229
23758
12350
6528
49102
21879
31710
42715
43574
13726
39764
29483
16622
9007
45066
18702
17969
34265
10469
16378
41022
4258
22128
15385
1202
46641
46303
40434
17564
30192
20102
18592
4936
18985
14840
35539
31862
3023
21997
13662
38844
2834
1788
10131
35318
585
20749
44070
18891
47715
47465
45259
24611
18688
30250
9510
37506
42509
25948
8688
30071
40363
21261
16508
47833
42530
44220
38296
45973
37756
36600
5183
20801
29047
27771
39261
23944
38702
38383
13703
13383
1748
10882
35578
9596
43207
25115
43759
35881
48780
14874
1023
24192
47959
13083
19445
9386
31116
21430
12448
38092
12898
22273
8575
30930
8662
32828
9414
40262
41029
34259
9946
13118
19863
8004
4102
15040
20995
37902
42710
37063
25186
8741
38648
10559
35951
49609
40765
21629
36605
23562
41335
17772
34405
8632
31068
38115
13039
19118
20080
43044
25648
19944
5291
37000
45181
25729
1530
49729
47362
12645
26358
4848
37065
12612
28347
78
44962
44236
25046
45699
39464
39273
37274
7300
26040
8906
31406
10216
22451
19676
32899
8671
8438
43635
29693
911
16276
947
40412
35600
154
43404
36284
46371
21167
36128
26663
17763
17197
13928
32548
12533
7477
10535
13059
7881
49505
46772
7695
43483
7933
31822
14188
8691
7184
16960
41266
33777
10531
36908
23838
18904
11532
44818
30742
36428
41572
46840
18331
2556
15198
1721
40201
23690
45302
44553
18291
46643
24244
14397
49496
29628
23131
28290
44944
26729
13616
45990
15612
18042
48972
25775
38361
17532
48943
35228
32855
7357
2301
15200
42403
10351
47100
14805
48221
13559
4698
14664
11431
24394
10252
9534
3592
18492
1527
2029
49944
43215
27948
32531
41470
30084
8104
10359
11564
16870
7892
35444
22304
44423
42067
28955
5163
30408
33047
41971
14404
44039
12449
5455
17754
37023
2502
34897
928
27512
13423
26870
29152
27450
46850
39305
5479
18222
39473
31249
44234
20074
2505
36958
40440
30191
45072
20720
35136
47397
11258
31993
29656
2219
6429
46932
34413
11602
40355
13263
5639
24673
365
8120
33316
41896
25054
16417
20205
19432
28816
1121
47782
14990
10657
22515
33680
45679
18915
20956
5875
22101
4474
48861
30427
21727
12088
47209
8841
30609
23654
21080
12485
30674
8533
35352
10973
49828
37216
23401
49050
37545
15212
26551
21699
39812
31587
4171
39221
28035
34316
27030
44507
249
15351
31969
26302
40593
17476
38881
25274
19907
6637
27736
3086
47774
39919
24527
33656
24088
43546
32296
26528
20613
20886
13057
39019
37572
37962
27832
36600
20959
22241
45277
4451
40087
22136
13681
41589
41813
22389
21954
16776
32785
26572
41992
20031
16755
17803
9234
29552
37074
8185
19509
2205
2399
33280
44788
9850
38674
34758
46866
37411
40223
41152
9810
42472
34555
40422
38597
40636
45026
12704
13164
13762
49140
12581
26806
24514
29426
23169
31841
43722
26890
11305
28611
33535
29270
26392
33279
24977
17059
48430
18461
36202
5254
12089
29130
43671
31949
11374
15862
16944
13941
21083
9092
47380
36321
20595
26506
49260
39114
19658
11840
25754
12116
8370
24917
7369
12975
43863
9961
17194
4141
33054
25725
35441
39337
27102
24366
40329
20806
19908
4632
24882
48201
2543
27227
44078
41445
26021
29676
4502
31630
35949
12437
34680
44187
47041
1260
533
26818
28215
10521
20050
22327
19026
27302
1653
25653
37391
8078
26696
47674
17696
10510
37230
35815
9333
4883
41261
35906
38429
11439
16195
9095
25533
40730
1153
12643
34339
41336
42047
17258
38408
5213
3762
22896
42633
31478
12546
18758
8890
35934
5327
4258
9882
12881
18750
7998
37938
1965
25626
33196
16287
9563
3584
22186
33454
39569
20507
29120
28349
5531
42111
14955
25381
38500
38133
21973
36704
3444
33635
46723
4818
19779
32942
30144
16245
3715
30244
34240
48305
25222
49501
11090
48083
45948
41191
10509
4534
47615
16359
35718
37361
10574
45088
18
26953
35820
17124
11381
26012
44173
12653
49020
36968
29820
23923
30338
41324
11129
34003
9030
30459
17468
26863
43297
39917
34101
29632
11238
43236
23288
31095
28817
11589
30504
27749
14034
45495
10924
34294
8454
41895
44496
21834
44573
16402
19601
35964
37801
21095
23927
49161
34379
36527
20096
6791
23888
49777
41076
34187
28948
16081
1670
34653
27022
3352
47251
29649
33471
48521
42331
42099
5999
35917
25735
8713
36
43438
27989
34838
37058
38499
341
7850
8280
21052
36501
7220
32698
10535
7686
21112
20022
26917
38107
30155
2869
37354
25679
32894
13463
20220
48258
48817
27227
10285
39100
1610
17250
35919
36268
46814
21500
363
20278
37106
22982
28718
15910
42044
36
45859
1828
11536
7260
36520
24821
48914
11611
44314
12652
30312
33122
16979
15999
20794
18172
15955
40436
25217
39536
12997
27936
562
18572
43356
2598
36754
3789
41579
43873
20224
10052
22498
25104
38280
40314
33186
35428
6692
48270
17520
16241
43778
4158
39221
5399
18905
14834
8626
29114
27407
16894
7573
43720
13424
9751
43002
4971
27212
34686
49261
45776
39976
28625
35538
15573
31454
41008
22574
18639
20541
15814
43701
3778
14538
5139
28116
10223
40799
39632
48355
2685
43132
22212
40570
9628
40522
35600
15075
35320
27475
1388
18665
46932
2219
29130
47056
23665
17397
10120
212
8144
10051
22038
30479
5590
32864
14568
8067
46788
8232
21342
42342
4908
17763
34266
7694
10489
28891
11290
10709
40658
14890
19979
47194
23547
1565
48871
5836
3321
46609
29887
21171
33957
13315
11905
45740
44804
26466
11202
11749
31399
38759
4414
13887
41573
41330
42756
17830
21375
40482
13522
37569
5745
21313
22949
41627
3088
41216
13332
7149
22863
10271
3194
36509
34321
15993
21578
11690
45386
8119
11590
16056
15869
12536
41162
16865
36240
23227
7571
7358
7829
47301
45244
2470
974
33011
14899
20197
47917
29315
46633
17025
42269
27096
28968
33374
10452
3105
24760
18316
2753
35666
39133
23808
35816
39048
47099
22435
29837
3409
959
1812
38866
49688
8117
25126
29704
25479
33498
48238
15375
11554
33307
36236
28716
49032
14644
9621
47520
30259
44866
46926
19812
11431
23430
24393
28275
40226
44454
46027
3149
36198
18311
31944
18454
19825
15497
23385
17743
37032
2510
34696
18212
22879
12535
30419
29583
39654
27278
28128
28801
23817
16827
11379
42198
21018
27065
14205
22910
3525
10077
40069
31108
766
33614
38205
22390
938
15649
16836
44886
42357
38299
15605
36062
17965
43068
35876
3674
12723
34566
3608
48350
34412
43841
152
35940
4119
8474
13791
5417
26929
48468
24650
41020
46930
41437
15171
41391
28958
44377
48809
11243
29141
16186
6733
24489
18663
35515
45255
6292
23232
33123
29712
38267
33752
3774
1609
2315
22566
7242
41841
29478
37654
16640
38404
2050
5275
11341
32316
26350
15106
28373
28779
48151
18130
33353
5030
10743
38269
9736
37266
47602
15399
37743
12109
12732
19822
22204
40625
36318
38051
33419
31729
6883
13880
10144
15880
8599
17914
3382
10667
6809
18713
15870
24800
9270
42217
18912
27122
13119
11521
21479
6749
16541
31035
7046
43434
4792
25321
36781
29627
28927
16575
11248
35306
18681
45236
18058
9950
11526
22404
11495
41009
48623
28850
11954
25476
25615
48987
17077
8222
4344
500
14203
4554
27072
8044
46518
3862
15794
37423
16390
6275
18895
20595
310
45691
38449
14171
21506
3349
38446
1961
38206
30591
25156
1637
47281
12868
3413
33195
7499
6466
16378
48533
38325
17999
8371
26689
19141
13336
22307
38230
47012
8059
39292
42357
16234
49412
41359
48608
5339
32648
27163
37860
20973
11815
9712
1779
12032
23425
38892
1143
42445
41155
44515
6467
45839
27228
35511
17091
21015
15221
7131
47815
41905
19276
20808
27218
14100
30172
10668
1450
3381
41516
38548
559
30794
25577
36342
49330
33077
47478
22150
20837
29219
205
35411
48189
17599
25151
43527
35187
18040
16401
35577
20990
9771
27601
11496
45512
46957
45761
34521
2554
22849
38986
32881
7007
4689
48424
32452
26604
26148
1439
12550
4833
8824
29928
42260
27417
5670
46529
15687
10509
337
17528
16838
35990
19530
830
30880
25282
29978
17419
6568
38170
2357
21357
49046
36993
47626
42342
3532
45786
17895
20413
34021
36844
36188
41281
4044
37459
2855
3049
49409
7649
7072
44548
25496
30317
45422
22573
33035
16766
47259
4060
34028
32623
17008
32796
19104
8330
42467
34498
15887
14458
43608
162
2738
23304
46443
45854
32766
22828
36387
27519
31205
1624
10549
11997
19743
41464
22374
39581
40347
42520
30701
5937
47362
31594
45010
12058
10599
7773
23661
9793
18896
9170
18121
40311
27773
6077
27456
22362
47542
27127
3595
36394
3477
31667
31489
47740
32194
40375
19622
16392
44684
20156
35584
19097
28598
36152
21635
19010
5009
4742
26337
31203
13326
18194
30754
26370
27671
25339
20656
14349
47792
13678
32062
43621
33886
9882
13672
44419
17030
49369
32396
6068
47434
8424
37652
23418
46752
45594
7281
38541
36815
44690
29594
38867
29650
27267
12975
27706
40080
33152
30524
684
79
11973
36309
15626
30929
12892
36764
24072
9657
22893
30122
24848
23655
27761
3943
37079
8990
16965
1888
12351
12233
10216
33751
16535
13630
947
6407
37088
26073
37268
28763
1860
30921
45316
18653
31019
9371
8586
41208
6521
17363
28396
6721
6219
8435
5260
8449
30382
40438
8752
22955
44307
45761
18370
13092
4091
16502
27488
45382
33055
44193
11813
9016
29466
26916
40509
21179
41971
20198
18790
48236
40998
23597
43955
7475
7106
5260
12336
38755
32787
14904
12426
26403
6758
42982
44113
11295
49851
38304
30208
29733
49067
47976
1248
47791
3851
46479
12352
24751
36535
42111
31387
19856
39062
11318
22020
12660
34565
13830
770
27361
46214
20241
43577
10023
47428
33759
18587
18613
559
5133
44223
17809
46379
33653
40330
34203
5563
26471
5825
46297
20404
29793
43280
42985
18044
