7932
4253
7847
8209
9530
8597
2230
3885
5719
6310
5130
6235
8444
5219
1802
3043
9500
9287
9311
2577
2112
3742
4068
9339
6593
2818
5299
9485
1055
7795
4922
2208
9528
9409
7496
2318
5156
5912
4048
2875
5159
1854
3105
4907
379
624
8166
5754
756
8360
4848
2425
7780
1836
5180
7253
6547
3053
4856
4516
8575
8463
1216
6001
5681
4200
2731
2647
6252
209
5973
9777
9483
4333
5697
3686
5838
2087
1519
4004
532
60
2215
6466
464
558
9999
4546
2151
8007
8536
4690
4423
9998
4089
5273
6775
8041
1541
4211
4313
9503
7226
1883
6501
5686
7557
1302
3798
3054
7429
4514
8960
3534
9346
7548
3189
9376
8572
7059
3943
7833
6396
2745
5671
8597
9411
4536
9086
2740
7353
3075
2346
1463
2281
9273
8027
5282
3457
2212
3289
1523
1613
9950
6047
4758
6430
148
6427
3580
9032
3315
6941
5785
321
2015
3716
9461
8857
599
4265
4109
2264
4248
5033
3267
5256
2240
2789
5962
4545
9056
346
9253
6467
286
202
4450
4070
1427
2484
6818
7776
2744
2807
9366
5250
909
3220
3507
4127
1124
4559
7970
4465
2582
1075
2571
8465
7463
7844
9258
6497
177
2277
8099
1474
2912
7695
8938
8864
8466
2485
6426
4705
1969
539
1101
3500
8926
6640
9361
5665
8334
2014
8739
1358
2846
3509
8850
7982
5342
4139
655
6659
5723
385
6258
5661
8569
7906
3044
5478
1931
4785
6760
8224
6328
4586
5992
3894
8796
7702
6868
9429
4034
3646
9044
1775
7235
1444
9728
7126
6330
982
1094
9105
3255
2844
7580
9585
7282
41
3297
2290
4275
6140
4665
879
4126
2411
7175
6511
4366
1595
7792
6795
2856
5309
7693
4343
1040
8890
9879
7449
7250
6462
8306
1403
3393
9363
2600
6084
3272
4083
3276
9490
6223
3982
3979
8836
7245
5477
6343
6292
7058
4212
4164
2201
692
635
9483
7127
3210
8548
1959
2105
6513
463
4178
4727
6832
9543
9880
2458
2107
5523
879
4466
4208
2226
5137
1929
1036
808
7520
4218
414
8828
5411
8438
9924
2504
4824
4667
5378
4745
1462
5419
7178
6517
9565
2626
8937
4546
4807
7428
1707
5188
4188
6144
4500
3204
2802
7031
6949
8080
8585
7459
6655
6428
8685
9537
3306
8673
5946
8082
9287
3377
7643
4990
9731
4159
2432
4241
6054
8687
2136
9772
7663
2113
9986
1530
2068
1031
1729
459
6129
5307
3263
5426
3034
7779
3791
93
6276
1931
6729
6163
6273
4815
9070
9443
2404
6688
8033
390
3770
6565
1147
1666
8582
6146
6804
971
8674
7230
3803
2727
1784
2542
8814
2684
6754
5168
3975
5362
8405
4422
9050
8522
3281
9061
8522
1107
7614
2618
4499
9182
7632
891
6026
2877
3758
6166
3431
4275
1307
6782
8865
1120
3959
1515
4118
2437
9106
9585
890
3368
3094
5146
197
4393
2025
5116
4600
6857
1583
8111
2397
3718
3127
9571
7855
470
2169
981
4703
6961
158
7983
835
1976
1755
4912
5071
866
1410
3556
9255
7502
7847
5740
1036
3852
2993
6711
4226
6488
5880
8621
7315
1388
6157
5298
4119
2881
702
2130
3283
8006
3292
5165
9593
9338
2967
8996
6574
2373
2072
1737
6903
3303
8491
2315
4908
6769
5339
8623
6799
3183
5362
3233
3929
3934
1501
332
5719
3284
4377
3402
1834
3825
7492
5721
760
8772
6446
8567
8690
6933
1967
5895
1356
4246
5597
8069
2305
7626
4604
5331
4527
9518
3971
1507
5006
8903
3761
7958
7488
6637
2255
4993
9222
787
4870
116
271
7743
4122
4548
6840
1163
9643
9300
5541
178
7993
3684
4176
2554
953
7242
7635
914
8184
2538
4287
2178
7738
976
215
357
6833
887
3184
1271
6612
8670
7753
3070
41
9416
1499
9475
5
6020
8755
3727
1194
5772
6694
19
9794
7525
1526
333
6677
9737
1908
3947
4469
5246
1367
3194
8238
4257
7760
4447
6703
448
5303
4876
277
9382
8605
4335
5269
6347
4808
6546
7672
1630
9539
2106
5013
6208
6698
497
4596
7206
8886
2026
6572
6162
1793
7872
7156
8391
1818
8024
7843
8288
9058
3527
5308
8841
1072
7814
5648
6714
1577
8538
4208
8581
875
5220
3881
1915
8647
9196
5607
6115
8662
367
5886
5580
1565
1564
1083
9432
7986
154
8663
7758
9830
1454
7413
4842
7449
7116
8437
3094
6778
7752
1703
3641
7460
9765
2308
1617
6924
1965
4173
3726
5026
4875
9354
9683
4290
6800
8416
2777
4039
7431
7659
5245
1264
1357
8782
7547
6226
3934
6939
8499
3354
7055
6282
2578
8171
6015
4368
1714
4020
8099
6332
3896
1750
3689
2453
903
459
2525
1681
2509
2570
9529
4874
127
5642
429
4699
3161
6243
4868
907
8179
2677
9175
4884
1724
8642
6947
858
2636
771
8337
2644
7249
5255
5003
5221
2322
7324
6249
1530
1911
4105
289
7110
8899
2850
9722
6362
3092
6389
9040
8512
2701
7737
5252
248
266
5256
5695
6638
4654
774
1147
1829
3822
3654
8519
5182
77
7214
872
2358
3837
6635
4718
659
25
933
2500
4974
2183
7912
9012
4535
3411
9272
9401
178
6951
3965
9230
4332
4836
4175
3468
5004
1591
5037
7693
3661
6580
6702
7336
8741
8756
8384
4512
3044
797
6427
2913
8230
425
1353
7914
7680
69
4194
4907
8552
3349
9601
1581
6
1003
279
6712
439
796
8720
3885
2660
5237
5132
7535
1122
1841
2523
4988
7808
3109
4109
3533
3210
9339
300
4797
4595
9680
5623
6709
5443
7987
2259
8249
484
2438
4576
592
1344
2315
5988
3261
1196
2761
1426
2828
2596
3184
9969
700
3038
6634
1328
2304
5548
3728
3268
5024
9977
6968
4452
1335
8364
285
6864
2960
9334
4133
9731
2213
2400
6873
1789
1918
6832
4203
2917
3212
6480
7940
6193
7705
4770
2257
2264
773
9846
7260
7414
305
460
3801
1924
2024
9326
8573
4316
7061
3813
9483
5286
1646
4819
